12 0.166406 0.282813 0.014063 0.081250
12 0.575781 0.385937 0.007812 0.065625
1 0.377344 0.152344 0.279687 0.010937
1 0.679688 0.082031 0.071875 0.035937
1 0.810937 0.154688 0.156250 0.009375
1 0.815625 0.850000 0.128125 0.009375
1 0.292187 0.846094 0.128125 0.010937
2 0.169531 0.268750 0.048438 0.228125
0 0.186719 0.489844 0.120313 0.073438
0 0.384375 0.620313 0.093750 0.062500
0 0.679688 0.496094 0.090625 0.060937
0 0.680469 0.622656 0.092188 0.060937
0 0.775000 0.603125 0.075000 0.034375
0 0.767969 0.559375 0.076563 0.050000
0 0.688281 0.184375 0.076563 0.050000
0 0.568750 0.820312 0.096875 0.062500
15 0.573438 0.257031 0.056250 0.026562
15 0.185938 0.056250 0.075000 0.062500
15 0.897656 0.621094 0.029687 0.054688
8 0.631250 0.126562 0.168750 0.056250
7 0.576562 0.196094 0.062500 0.079687
6 0.664844 0.246875 0.048438 0.050000
13 0.908594 0.218750 0.048438 0.118750
13 0.907813 0.303906 0.046875 0.048438
13 0.905469 0.459375 0.048438 0.050000
13 0.902344 0.732031 0.045312 0.073438
13 0.164844 0.670312 0.045312 0.065625
13 0.163281 0.823438 0.048438 0.034375
5 0.377344 0.183594 0.151562 0.051562
5 0.492969 0.285156 0.079687 0.139063
5 0.360938 0.377344 0.112500 0.035937
2 0.362500 0.285156 0.075000 0.092188
2 0.494531 0.185938 0.060937 0.040625
2 0.573438 0.385156 0.062500 0.079687
11 0.575000 0.312500 0.062500 0.065625
11 0.574219 0.471875 0.060937 0.090625
3 0.859375 0.220312 0.050000 0.034375
3 0.853906 0.732031 0.048438 0.035937
3 0.214062 0.667188 0.046875 0.031250
11 0.234375 0.616406 0.184375 0.042188
11 0.826562 0.674219 0.200000 0.042188
2 0.461719 0.467969 0.139063 0.051562
3 0.432812 0.508594 0.046875 0.023438
3 0.495312 0.507031 0.050000 0.026562
3 0.433594 0.429688 0.048438 0.025000
3 0.498437 0.428125 0.050000 0.025000
7 0.787500 0.510938 0.096875 0.040625
6 0.882812 0.514062 0.050000 0.046875
4 0.828125 0.379688 0.206250 0.112500
4 0.243750 0.755469 0.206250 0.110937
4 0.825000 0.801562 0.203125 0.081250
16 0.704688 0.939844 0.050000 0.064062
7 0.473438 0.690625 0.059375 0.050000
9 0.475000 0.792969 0.046875 0.051562
2 0.471875 0.751563 0.062500 0.181250
