2 0.589063 0.840625 0.215625 0.053125
2 0.191406 0.318750 0.051562 0.103125
2 0.763281 0.535937 0.042188 0.078125
2 0.637500 0.175781 0.028125 0.051562
13 0.494531 0.582812 0.029687 0.256250
2 0.537500 0.583594 0.050000 0.139063
3 0.675781 0.177344 0.035937 0.076563
3 0.598437 0.178906 0.040625 0.079687
3 0.157031 0.370312 0.039062 0.081250
3 0.220312 0.388281 0.040625 0.079687
3 0.167969 0.252344 0.039062 0.076563
3 0.224219 0.268750 0.039062 0.081250
0 0.295312 0.411719 0.056250 0.145313
0 0.511719 0.257812 0.064062 0.125000
1 0.332813 0.272656 0.012500 0.201563
1 0.703906 0.271875 0.010937 0.203125
1 0.703906 0.621875 0.010937 0.243750
5 0.768750 0.424219 0.056250 0.117188
5 0.768750 0.646875 0.056250 0.112500
1 0.059375 0.731250 0.012500 0.134375
