13 0.846875 0.125781 0.043750 0.085938
13 0.339844 0.897656 0.054688 0.064062
13 0.147656 0.896875 0.054688 0.062500
13 0.792187 0.894531 0.053125 0.070312
13 0.861719 0.804688 0.082812 0.250000
3 0.830469 0.778125 0.045312 0.065625
3 0.492969 0.179688 0.054688 0.084375
3 0.412500 0.180469 0.053125 0.085938
3 0.492969 0.312500 0.051562 0.084375
3 0.410156 0.312500 0.051562 0.087500
12 0.709375 0.485156 0.109375 0.020313
12 0.239844 0.519531 0.092188 0.014063
5 0.680469 0.123438 0.260937 0.109375
5 0.581250 0.246094 0.068750 0.139063
0 0.857813 0.275781 0.118750 0.176563
0 0.575000 0.577344 0.087500 0.129688
0 0.407031 0.577344 0.085938 0.129688
0 0.485938 0.701562 0.068750 0.115625
0 0.560156 0.800000 0.045312 0.078125
11 0.413281 0.794531 0.054688 0.267188
11 0.876562 0.595313 0.053125 0.165625
1 0.842188 0.942969 0.121875 0.023438
1 0.150000 0.279687 0.015625 0.234375
1 0.089063 0.714844 0.015625 0.360938
1 0.498437 0.942969 0.096875 0.023438
16 0.098437 0.090625 0.087500 0.050000
9 0.213281 0.108594 0.064062 0.073438
7 0.319531 0.107031 0.057813 0.070312
7 0.497656 0.889062 0.092188 0.078125
6 0.573437 0.717187 0.059375 0.062500
17 0.493750 0.091406 0.053125 0.048438
17 0.439844 0.090625 0.054688 0.050000
17 0.385938 0.090625 0.053125 0.050000
2 0.256250 0.108594 0.190625 0.085938
2 0.453125 0.246875 0.090625 0.146875
2 0.717969 0.285156 0.110937 0.076563
2 0.708594 0.471875 0.176563 0.046875
4 0.710938 0.795312 0.112500 0.265625
4 0.242188 0.796094 0.137500 0.267188
10 0.317969 0.446875 0.057813 0.100000
17 0.260156 0.453906 0.051562 0.085938
17 0.848438 0.471875 0.100000 0.046875
