0 0.860156 0.318750 0.095312 0.071875
0 0.547656 0.597656 0.076563 0.060937
0 0.278125 0.597656 0.078125 0.064062
0 0.203125 0.597656 0.068750 0.048438
0 0.414062 0.410156 0.062500 0.051562
0 0.415625 0.350781 0.059375 0.023438
0 0.277344 0.428906 0.079687 0.057813
0 0.540625 0.251563 0.081250 0.059375
10 0.613281 0.303906 0.060937 0.045312
2 0.608594 0.414844 0.045312 0.157812
1 0.510937 0.285938 0.075000 0.009375
1 0.401563 0.286719 0.078125 0.010937
1 0.772656 0.856250 0.245312 0.009375
1 0.456250 0.856250 0.150000 0.009375
1 0.202344 0.896875 0.164062 0.009375
1 0.065625 0.434375 0.012500 0.059375
15 0.214844 0.492969 0.026562 0.039062
1 0.167969 0.154688 0.129688 0.009375
16 0.345313 0.131250 0.078125 0.021875
16 0.253125 0.130469 0.078125 0.023438
16 0.160156 0.131250 0.079687 0.025000
11 0.292969 0.215625 0.051562 0.112500
15 0.340625 0.322656 0.021875 0.064062
6 0.360938 0.394531 0.062500 0.032813
7 0.354688 0.464062 0.050000 0.056250
11 0.432813 0.592969 0.106250 0.039062
11 0.345313 0.661719 0.053125 0.098437
11 0.342969 0.842969 0.054688 0.098437
17 0.914844 0.825000 0.032813 0.053125
17 0.916406 0.585938 0.032813 0.053125
12 0.925000 0.707031 0.015625 0.101562
2 0.910937 0.706250 0.040625 0.181250
2 0.750781 0.700781 0.070312 0.104688
5 0.750781 0.812500 0.132812 0.056250
5 0.640625 0.702344 0.075000 0.154688
5 0.726562 0.594531 0.081250 0.060937
9 0.658594 0.202344 0.064062 0.042188
7 0.766406 0.261719 0.051562 0.042188
2 0.766406 0.255469 0.054688 0.148438
2 0.660938 0.200781 0.156250 0.039062
2 0.725781 0.442969 0.173437 0.051562
2 0.633594 0.598437 0.051562 0.037500
2 0.634375 0.806250 0.053125 0.040625
4 0.460938 0.791406 0.162500 0.098437
4 0.153906 0.752344 0.164062 0.098437
4 0.180469 0.217188 0.170313 0.115625
13 0.090625 0.335938 0.040625 0.121875
3 0.134375 0.355469 0.043750 0.032813
3 0.125000 0.509375 0.059375 0.025000
6 0.197656 0.549219 0.064062 0.032813
7 0.067969 0.572656 0.051562 0.098437
13 0.090625 0.666406 0.040625 0.070312
13 0.092187 0.823438 0.037500 0.043750
13 0.192969 0.874219 0.035937 0.026562
3 0.142969 0.861719 0.060937 0.048438
3 0.128125 0.667188 0.031250 0.031250
8 0.150000 0.434375 0.156250 0.059375
3 0.554688 0.408594 0.046875 0.035937
0 0.539844 0.496094 0.060937 0.007812
13 0.399219 0.654687 0.039062 0.084375
13 0.399219 0.716406 0.039062 0.039062
3 0.435937 0.655469 0.031250 0.029687
12 0.349219 0.751563 0.010937 0.065625
2 0.344531 0.751563 0.054688 0.078125
3 0.777344 0.482031 0.039062 0.026562
3 0.726562 0.482031 0.040625 0.026562
3 0.678125 0.482031 0.040625 0.023438
3 0.776562 0.404687 0.040625 0.025000
3 0.726562 0.403906 0.037500 0.023438
3 0.677344 0.404687 0.039062 0.025000
5 0.514844 0.314063 0.114062 0.043750
