2 0.840625 0.410937 0.053125 0.215625
2 0.318750 0.808594 0.103125 0.051562
2 0.535937 0.236719 0.078125 0.042188
2 0.175781 0.362500 0.051562 0.028125
13 0.582812 0.505469 0.256250 0.029687
2 0.583594 0.462500 0.139063 0.050000
3 0.177344 0.324219 0.076563 0.035937
3 0.178906 0.401563 0.079687 0.040625
3 0.370312 0.842969 0.081250 0.039062
3 0.388281 0.779688 0.079687 0.040625
3 0.252344 0.832031 0.076563 0.039062
3 0.268750 0.775781 0.081250 0.039062
0 0.411719 0.704688 0.145313 0.056250
0 0.257812 0.488281 0.125000 0.064062
1 0.272656 0.667187 0.201563 0.012500
1 0.271875 0.296094 0.203125 0.010937
1 0.621875 0.296094 0.243750 0.010937
5 0.424219 0.231250 0.117188 0.056250
5 0.646875 0.231250 0.112500 0.056250
1 0.731250 0.940625 0.134375 0.012500
