1 0.275781 0.802344 0.245312 0.010937
1 0.569531 0.802344 0.139063 0.010937
1 0.882812 0.379687 0.012500 0.103125
1 0.601562 0.231250 0.081250 0.009375
0 0.164844 0.180469 0.114062 0.085938
5 0.215625 0.763281 0.175000 0.054688
5 0.160938 0.643750 0.065625 0.178125
5 0.252344 0.510937 0.082812 0.065625
2 0.277344 0.650000 0.060937 0.084375
12 0.425000 0.647656 0.012500 0.085938
2 0.415625 0.648438 0.031250 0.193750
2 0.324219 0.336719 0.129688 0.054688
2 0.414062 0.290625 0.031250 0.109375
16 0.811719 0.085156 0.082812 0.023438
0 0.593750 0.192969 0.093750 0.067187
0 0.663281 0.535938 0.076563 0.068750
0 0.764062 0.464844 0.068750 0.051562
0 0.689063 0.403125 0.078125 0.068750
3 0.293750 0.379687 0.043750 0.028125
3 0.293750 0.292969 0.043750 0.026562
3 0.352344 0.380469 0.045312 0.029687
3 0.352344 0.293750 0.042188 0.025000
17 0.183594 0.111719 0.123438 0.023438
17 0.716406 0.593750 0.023438 0.031250
17 0.716406 0.560156 0.023438 0.032813
17 0.715625 0.525781 0.025000 0.032813
0 0.797656 0.679688 0.045312 0.034375
0 0.738281 0.768750 0.070312 0.053125
0 0.494531 0.402344 0.076563 0.067187
13 0.163281 0.516406 0.051562 0.035937
10 0.292969 0.125781 0.060937 0.051562
7 0.397656 0.121094 0.054688 0.039062
9 0.495312 0.121094 0.062500 0.035937
2 0.439844 0.122656 0.214062 0.045312
13 0.617969 0.335938 0.048438 0.021875
13 0.617969 0.388281 0.045312 0.079687
13 0.850781 0.377344 0.048438 0.104688
13 0.461719 0.595313 0.039062 0.043750
13 0.460938 0.747656 0.040625 0.042188
4 0.521875 0.672656 0.159375 0.104688
4 0.561719 0.281250 0.160938 0.087500
4 0.792188 0.282031 0.159375 0.085938
7 0.850000 0.464063 0.046875 0.053125
7 0.850781 0.745312 0.045312 0.087500
6 0.746875 0.642188 0.037500 0.050000
6 0.844531 0.519531 0.060937 0.032813
0 0.768750 0.562500 0.059375 0.034375
11 0.531250 0.530469 0.181250 0.042188
11 0.424219 0.389062 0.051562 0.081250
11 0.676562 0.293750 0.053125 0.109375
1 0.900781 0.521875 0.048438 0.046875
1 0.843750 0.879687 0.062500 0.043750
8 0.806250 0.826563 0.115625 0.053125
3 0.810937 0.389844 0.031250 0.032813
1 0.668750 0.815625 0.050000 0.037500
3 0.578125 0.387500 0.034375 0.031250
