9 0.205469 0.348438 0.048438 0.037500
7 0.314063 0.348438 0.050000 0.046875
7 0.314063 0.405469 0.059375 0.048438
7 0.638281 0.907813 0.060937 0.046875
12 0.709375 0.204687 0.078125 0.009375
2 0.722656 0.206250 0.232813 0.034375
17 0.493750 0.207031 0.043750 0.035937
17 0.539062 0.207031 0.043750 0.035937
17 0.584375 0.207031 0.046875 0.035937
17 0.142969 0.745313 0.029687 0.031250
17 0.175000 0.746094 0.031250 0.032813
12 0.260937 0.742969 0.059375 0.010937
2 0.253906 0.744531 0.123438 0.032813
16 0.077344 0.537500 0.067187 0.034375
1 0.152344 0.442188 0.007812 0.065625
0 0.178125 0.285156 0.062500 0.073438
0 0.202344 0.475000 0.032813 0.053125
0 0.326562 0.471875 0.050000 0.056250
0 0.321875 0.546875 0.059375 0.071875
0 0.448437 0.599219 0.059375 0.073438
0 0.448437 0.681250 0.059375 0.071875
0 0.388281 0.755469 0.057813 0.070312
0 0.399219 0.140625 0.073438 0.093750
0 0.746094 0.829688 0.032813 0.050000
0 0.632812 0.824219 0.050000 0.057813
11 0.546094 0.536719 0.242188 0.045312
11 0.399219 0.875781 0.039062 0.151562
11 0.544531 0.666406 0.110937 0.048438
13 0.197656 0.935156 0.026562 0.035937
13 0.346875 0.935937 0.062500 0.034375
13 0.704688 0.778125 0.071875 0.034375
13 0.870313 0.777344 0.050000 0.035937
12 0.796094 0.539062 0.064062 0.012500
15 0.185156 0.391406 0.051562 0.020313
1 0.842187 0.360156 0.009375 0.207813
1 0.900781 0.653906 0.010937 0.145313
1 0.537500 0.939844 0.100000 0.010937
1 0.805469 0.938281 0.039062 0.010937
15 0.863281 0.836719 0.026562 0.054688
11 0.324219 0.654687 0.039062 0.131250
2 0.251563 0.348438 0.184375 0.046875
6 0.252344 0.410156 0.032813 0.057813
6 0.699219 0.887500 0.032813 0.056250
8 0.813281 0.867969 0.054688 0.126562
3 0.700000 0.743750 0.028125 0.031250
4 0.794531 0.717187 0.110937 0.153125
2 0.782813 0.536719 0.228125 0.048438
2 0.694531 0.370312 0.073438 0.081250
2 0.466406 0.382031 0.054688 0.107813
2 0.201563 0.208594 0.081250 0.035937
17 0.262500 0.214062 0.040625 0.046875
3 0.466406 0.312500 0.032813 0.028125
3 0.506250 0.356250 0.025000 0.037500
3 0.506250 0.406250 0.025000 0.037500
3 0.467187 0.451562 0.034375 0.031250
3 0.428125 0.357031 0.021875 0.039062
3 0.426563 0.406250 0.021875 0.037500
3 0.555469 0.901563 0.029687 0.034375
3 0.350000 0.899219 0.028125 0.035937
1 0.123438 0.846094 0.009375 0.120313
1 0.122656 0.660156 0.007812 0.123438
3 0.282813 0.669531 0.031250 0.029687
13 0.139844 0.703125 0.026562 0.037500
13 0.281250 0.702344 0.046875 0.035937
4 0.205469 0.642969 0.110937 0.157812
4 0.264844 0.875781 0.114062 0.154688
4 0.536719 0.805469 0.132812 0.129688
13 0.586719 0.901563 0.026562 0.062500
13 0.585938 0.718750 0.028125 0.050000
2 0.589844 0.471875 0.039062 0.046875
2 0.803125 0.470313 0.040625 0.046875
5 0.696094 0.472656 0.148438 0.064062
5 0.803906 0.376563 0.054688 0.115625
5 0.591406 0.377344 0.054688 0.067187
