13 0.153125 0.125781 0.043750 0.085938
13 0.660156 0.897656 0.054688 0.064062
13 0.852344 0.896875 0.054688 0.062500
13 0.207813 0.894531 0.053125 0.070312
13 0.138281 0.804688 0.082812 0.250000
3 0.169531 0.778125 0.045312 0.065625
3 0.507031 0.179688 0.054688 0.084375
3 0.587500 0.180469 0.053125 0.085938
3 0.507031 0.312500 0.051562 0.084375
3 0.589844 0.312500 0.051562 0.087500
12 0.290625 0.485156 0.109375 0.020313
12 0.760156 0.519531 0.092188 0.014063
5 0.319531 0.123438 0.260937 0.109375
5 0.418750 0.246094 0.068750 0.139063
0 0.142187 0.275781 0.118750 0.176563
0 0.425000 0.577344 0.087500 0.129688
0 0.592969 0.577344 0.085938 0.129688
0 0.514062 0.701562 0.068750 0.115625
0 0.439844 0.800000 0.045312 0.078125
11 0.586719 0.794531 0.054688 0.267188
11 0.123438 0.595313 0.053125 0.165625
1 0.157812 0.942969 0.121875 0.023438
1 0.850000 0.279687 0.015625 0.234375
1 0.910937 0.714844 0.015625 0.360938
1 0.501563 0.942969 0.096875 0.023438
16 0.901563 0.090625 0.087500 0.050000
9 0.786719 0.108594 0.064062 0.073438
7 0.680469 0.107031 0.057813 0.070312
7 0.502344 0.889062 0.092188 0.078125
6 0.426563 0.717187 0.059375 0.062500
17 0.506250 0.091406 0.053125 0.048438
17 0.560156 0.090625 0.054688 0.050000
17 0.614062 0.090625 0.053125 0.050000
2 0.743750 0.108594 0.190625 0.085938
2 0.546875 0.246875 0.090625 0.146875
2 0.282031 0.285156 0.110937 0.076563
2 0.291406 0.471875 0.176563 0.046875
4 0.289062 0.795312 0.112500 0.265625
4 0.757812 0.796094 0.137500 0.267188
10 0.682031 0.446875 0.057813 0.100000
17 0.739844 0.453906 0.051562 0.085938
17 0.151562 0.471875 0.100000 0.046875
