13 0.895312 0.159375 0.034375 0.090625
13 0.895312 0.359375 0.034375 0.115625
13 0.722656 0.806250 0.107813 0.034375
13 0.893750 0.806250 0.040625 0.034375
13 0.453125 0.633594 0.034375 0.107813
13 0.453125 0.800781 0.034375 0.042188
4 0.825000 0.761719 0.115625 0.126562
4 0.847656 0.255469 0.129688 0.114062
4 0.501563 0.732031 0.131250 0.104688
3 0.857813 0.375000 0.034375 0.031250
3 0.432813 0.263281 0.034375 0.035937
3 0.703906 0.769531 0.035937 0.035937
3 0.492969 0.620313 0.035937 0.031250
5 0.700000 0.146094 0.056250 0.057813
5 0.304688 0.044531 0.037500 0.039062
5 0.225000 0.042969 0.037500 0.035937
5 0.335938 0.299219 0.050000 0.176563
12 0.678906 0.253906 0.010937 0.039062
12 0.098437 0.299219 0.015625 0.092188
14 0.892187 0.855469 0.043750 0.042188
1 0.918750 0.722656 0.006250 0.110937
11 0.823437 0.592969 0.178125 0.039062
11 0.823437 0.435937 0.178125 0.037500
11 0.604687 0.435937 0.100000 0.034375
11 0.573437 0.365625 0.037500 0.106250
11 0.507812 0.561719 0.143750 0.039062
2 0.681250 0.255469 0.025000 0.114062
0 0.632031 0.283594 0.051562 0.057813
0 0.696875 0.433594 0.056250 0.064062
0 0.511719 0.432812 0.064062 0.062500
0 0.705469 0.566406 0.060937 0.064062
0 0.622656 0.566406 0.057813 0.064062
0 0.762500 0.489844 0.059375 0.051562
0 0.097656 0.824219 0.048438 0.039062
0 0.107031 0.872656 0.067187 0.054688
2 0.275781 0.791406 0.139063 0.045312
10 0.239844 0.904687 0.060937 0.046875
9 0.420312 0.910156 0.050000 0.035937
7 0.301562 0.910937 0.034375 0.034375
2 0.371875 0.910937 0.203125 0.037500
15 0.500781 0.912500 0.039062 0.015625
1 0.589062 0.829688 0.118750 0.009375
0 0.504688 0.862500 0.062500 0.059375
17 0.383594 0.339062 0.023438 0.046875
17 0.385156 0.387500 0.023438 0.046875
17 0.384375 0.433594 0.021875 0.045312
17 0.098437 0.492188 0.031250 0.053125
17 0.099219 0.543750 0.029687 0.050000
17 0.099219 0.690625 0.029687 0.050000
17 0.099219 0.742969 0.029687 0.054688
2 0.098437 0.617969 0.031250 0.095312
3 0.298438 0.754687 0.031250 0.034375
3 0.249219 0.751563 0.032813 0.037500
2 0.287500 0.613281 0.087500 0.085938
2 0.250000 0.298438 0.062500 0.059375
13 0.394531 0.263281 0.042188 0.104688
8 0.607031 0.139063 0.104688 0.053125
7 0.567188 0.242969 0.025000 0.035937
6 0.576562 0.278906 0.043750 0.026562
6 0.764844 0.542969 0.029687 0.042188
7 0.807031 0.550781 0.032813 0.026562
8 0.859375 0.514062 0.053125 0.100000
15 0.903906 0.544531 0.017188 0.042188
1 0.934375 0.489844 0.043750 0.051562
1 0.931250 0.184375 0.034375 0.040625
1 0.840625 0.094531 0.040625 0.032813
1 0.625781 0.091406 0.051562 0.042188
1 0.441406 0.108594 0.098437 0.010937
1 0.235938 0.108594 0.212500 0.010937
17 0.096875 0.130469 0.025000 0.035937
17 0.096094 0.166406 0.023438 0.035937
17 0.095313 0.201563 0.025000 0.031250
17 0.096094 0.405469 0.023438 0.039062
17 0.096094 0.445312 0.023438 0.040625
2 0.098437 0.285938 0.034375 0.275000
2 0.166406 0.914844 0.067187 0.029687
2 0.265625 0.042969 0.028125 0.029687
2 0.334375 0.184375 0.037500 0.037500
2 0.333594 0.415625 0.039062 0.037500
5 0.250000 0.177344 0.103125 0.048438
5 0.249219 0.421094 0.064062 0.048438
3 0.332812 0.571875 0.040625 0.040625
3 0.353125 0.614062 0.037500 0.028125
3 0.332031 0.655469 0.042188 0.039062
3 0.286719 0.674219 0.032813 0.032813
3 0.241406 0.657031 0.039062 0.042188
3 0.221094 0.611719 0.035937 0.032813
3 0.239062 0.569531 0.043750 0.039062
3 0.288281 0.550000 0.032813 0.034375
