16 0.225781 0.943750 0.126562 0.028125
1 0.357031 0.932813 0.101562 0.053125
1 0.721875 0.932813 0.103125 0.053125
1 0.805469 0.800781 0.020313 0.129688
1 0.805469 0.608594 0.020313 0.114062
1 0.804688 0.465625 0.021875 0.100000
1 0.804688 0.277344 0.021875 0.089063
1 0.830469 0.391406 0.070312 0.045312
1 0.830469 0.207812 0.070312 0.046875
11 0.252344 0.853906 0.076563 0.104688
11 0.251563 0.747656 0.075000 0.104688
11 0.460938 0.641406 0.078125 0.092188
17 0.247656 0.661719 0.070312 0.060937
17 0.354687 0.114062 0.046875 0.059375
5 0.729688 0.148438 0.109375 0.131250
5 0.535937 0.118750 0.271875 0.068750
5 0.359375 0.197656 0.125000 0.076563
2 0.539062 0.202344 0.112500 0.051562
12 0.536719 0.314844 0.154688 0.010937
0 0.239063 0.118750 0.150000 0.093750
0 0.460938 0.450781 0.103125 0.057813
0 0.540625 0.399219 0.068750 0.042188
0 0.350000 0.660156 0.115625 0.073438
0 0.470313 0.560156 0.125000 0.067187
12 0.541406 0.701562 0.132812 0.006250
13 0.400781 0.888281 0.079687 0.035937
13 0.675781 0.887500 0.079687 0.037500
4 0.540625 0.832813 0.193750 0.146875
0 0.156250 0.585938 0.115625 0.062500
9 0.091406 0.455469 0.064062 0.054688
7 0.090625 0.374219 0.065625 0.051562
2 0.091406 0.413281 0.076563 0.164062
8 0.735938 0.445312 0.096875 0.134375
7 0.589844 0.500000 0.073438 0.034375
2 0.589844 0.496094 0.154688 0.039062
6 0.621875 0.356250 0.056250 0.056250
13 0.567969 0.667969 0.129688 0.045312
3 0.567187 0.630469 0.065625 0.026562
4 0.713281 0.617188 0.157812 0.146875
5 0.739844 0.805469 0.095312 0.054688
