1 0.778906 0.089063 0.154688 0.009375
1 0.915625 0.175000 0.012500 0.040625
1 0.914844 0.565625 0.014063 0.062500
1 0.917188 0.821094 0.012500 0.039062
1 0.804688 0.858594 0.125000 0.010937
1 0.597656 0.721875 0.076563 0.009375
1 0.492969 0.722656 0.076563 0.010937
1 0.546875 0.131250 0.140625 0.012500
1 0.245313 0.132031 0.234375 0.010937
16 0.812500 0.883594 0.075000 0.023438
16 0.722656 0.885156 0.073438 0.023438
17 0.898438 0.764062 0.018750 0.046875
17 0.899219 0.814844 0.020313 0.054688
17 0.646875 0.382812 0.034375 0.081250
7 0.252344 0.747656 0.045312 0.045312
7 0.642969 0.535937 0.045312 0.056250
9 0.354688 0.809375 0.059375 0.037500
13 0.885938 0.178906 0.031250 0.048438
13 0.889063 0.335156 0.040625 0.057813
13 0.598438 0.337500 0.040625 0.084375
0 0.785938 0.398438 0.062500 0.050000
0 0.711719 0.400781 0.076563 0.064062
0 0.460938 0.400000 0.075000 0.065625
0 0.714062 0.573438 0.075000 0.065625
0 0.587500 0.592969 0.059375 0.054688
0 0.585156 0.656250 0.057813 0.025000
4 0.830469 0.253125 0.157812 0.103125
4 0.521094 0.195312 0.154688 0.103125
4 0.810156 0.788281 0.151562 0.101562
17 0.702344 0.716406 0.048438 0.017188
11 0.562500 0.402344 0.109375 0.039062
11 0.654687 0.217969 0.046875 0.079687
5 0.817969 0.130469 0.073438 0.064062
2 0.657031 0.135937 0.026562 0.081250
11 0.654687 0.301563 0.046875 0.081250
17 0.607812 0.196094 0.018750 0.107813
13 0.608594 0.271094 0.017188 0.045312
3 0.587500 0.271875 0.018750 0.028125
3 0.548438 0.341406 0.046875 0.042188
8 0.834375 0.566406 0.143750 0.060937
7 0.914062 0.425000 0.050000 0.103125
0 0.858594 0.490625 0.057813 0.025000
15 0.774219 0.507031 0.023438 0.042188
15 0.656250 0.682031 0.018750 0.067187
2 0.253125 0.752344 0.050000 0.151562
2 0.350781 0.809375 0.148438 0.037500
11 0.701562 0.789062 0.046875 0.125000
16 0.642188 0.764844 0.028125 0.060937
0 0.462500 0.757812 0.075000 0.059375
10 0.394531 0.703125 0.057813 0.046875
3 0.356250 0.607812 0.034375 0.025000
3 0.308594 0.608594 0.035937 0.023438
3 0.262500 0.607812 0.037500 0.025000
3 0.357031 0.528125 0.035937 0.025000
3 0.308594 0.527344 0.035937 0.026562
3 0.262500 0.525781 0.037500 0.026562
2 0.309375 0.567969 0.150000 0.054688
0 0.163281 0.688281 0.092188 0.076563
12 0.102344 0.284375 0.010937 0.078125
2 0.115625 0.325000 0.037500 0.353125
2 0.106250 0.607031 0.018750 0.210938
2 0.268750 0.288281 0.065625 0.107813
2 0.378125 0.395313 0.050000 0.043750
2 0.378125 0.178906 0.046875 0.045312
5 0.268750 0.175000 0.125000 0.059375
5 0.372656 0.287500 0.070312 0.162500
5 0.268750 0.396875 0.065625 0.040625
6 0.791406 0.450000 0.057813 0.031250
6 0.636719 0.611719 0.057813 0.032813
2 0.889063 0.673438 0.040625 0.131250
3 0.839062 0.653906 0.046875 0.039062
3 0.463281 0.567187 0.045312 0.040625
5 0.502344 0.671094 0.076563 0.060937
2 0.422656 0.584375 0.020313 0.165625
