7 0.175781 0.942187 0.048438 0.053125
14 0.132812 0.943750 0.031250 0.053125
15 0.129688 0.742969 0.034375 0.032813
1 0.110937 0.639062 0.009375 0.106250
1 0.110156 0.383594 0.007812 0.104688
1 0.778125 0.957812 0.006250 0.081250
1 0.835938 0.370313 0.006250 0.340625
1 0.590625 0.193750 0.031250 0.012500
1 0.650000 0.193750 0.031250 0.012500
1 0.707031 0.192187 0.032813 0.012500
1 0.494531 0.192187 0.029687 0.012500
15 0.544531 0.216406 0.035937 0.032813
15 0.546875 0.142188 0.040625 0.087500
0 0.528906 0.277344 0.020313 0.064062
0 0.550781 0.403125 0.032813 0.075000
7 0.598437 0.312500 0.025000 0.065625
2 0.598437 0.313281 0.025000 0.226562
13 0.645312 0.227344 0.056250 0.051562
13 0.695312 0.234375 0.037500 0.037500
13 0.800781 0.233594 0.039062 0.039062
4 0.750781 0.310937 0.079687 0.190625
3 0.645312 0.285156 0.025000 0.045312
12 0.745313 0.542187 0.056250 0.012500
6 0.493750 0.382812 0.025000 0.034375
15 0.930469 0.155469 0.082812 0.064062
11 0.571094 0.576562 0.170313 0.053125
0 0.504687 0.503906 0.043750 0.079687
2 0.396094 0.318750 0.039062 0.159375
3 0.435156 0.321094 0.023438 0.048438
3 0.360156 0.321094 0.023438 0.054688
13 0.132812 0.219531 0.037500 0.039062
13 0.241406 0.221094 0.039062 0.039062
13 0.291406 0.221094 0.060937 0.039062
3 0.283594 0.271875 0.023438 0.043750
4 0.190625 0.293750 0.081250 0.184375
12 0.188281 0.542187 0.057813 0.012500
0 0.303906 0.500000 0.045312 0.078125
11 0.270313 0.942969 0.096875 0.051562
11 0.305469 0.739063 0.029687 0.353125
1 0.204687 0.873438 0.009375 0.175000
6 0.201563 0.721875 0.018750 0.043750
0 0.160938 0.676563 0.018750 0.059375
0 0.217969 0.652344 0.042188 0.067187
7 0.203125 0.583594 0.062500 0.048438
5 0.370312 0.874219 0.090625 0.192188
2 0.393750 0.837500 0.037500 0.071875
5 0.435937 0.747656 0.046875 0.089063
2 0.407031 0.722656 0.020313 0.029687
15 0.138281 0.154687 0.020313 0.062500
15 0.045312 0.154687 0.050000 0.062500
