8 0.140625 0.139844 0.056250 0.176563
0 0.206250 0.149219 0.040625 0.057813
0 0.192969 0.310937 0.057813 0.090625
0 0.438281 0.300000 0.070312 0.109375
0 0.562500 0.308594 0.056250 0.089063
0 0.560156 0.130469 0.054688 0.054688
0 0.893750 0.189844 0.096875 0.139063
0 0.648438 0.859375 0.075000 0.118750
0 0.513281 0.516406 0.067187 0.110937
0 0.364844 0.408594 0.073438 0.104688
1 0.078125 0.411719 0.053125 0.092188
1 0.077344 0.732031 0.051562 0.092188
1 0.228125 0.807031 0.146875 0.017188
1 0.414062 0.805469 0.103125 0.017188
1 0.782813 0.805469 0.134375 0.017188
1 0.340625 0.033594 0.106250 0.017188
11 0.501563 0.118750 0.046875 0.150000
11 0.501563 0.269531 0.046875 0.151562
11 0.329688 0.546875 0.043750 0.168750
11 0.330469 0.713281 0.045312 0.164062
11 0.420312 0.507812 0.115625 0.068750
10 0.582812 0.518750 0.053125 0.081250
7 0.578125 0.607812 0.043750 0.071875
9 0.579688 0.728906 0.040625 0.082812
2 0.578906 0.678906 0.048438 0.235937
12 0.699219 0.592187 0.010937 0.137500
2 0.706250 0.631250 0.025000 0.328125
2 0.814063 0.585938 0.040625 0.121875
5 0.825781 0.421875 0.057813 0.084375
5 0.894531 0.577344 0.070312 0.226562
5 0.864062 0.742188 0.131250 0.103125
13 0.893750 0.419531 0.056250 0.057813
2 0.761719 0.225000 0.095312 0.143750
17 0.686719 0.064062 0.042188 0.040625
17 0.728906 0.064844 0.039062 0.042188
17 0.770312 0.064844 0.040625 0.042188
17 0.811719 0.064844 0.039062 0.042188
1 0.082812 0.175781 0.043750 0.076563
6 0.132031 0.287500 0.054688 0.050000
6 0.632812 0.203125 0.050000 0.053125
7 0.257812 0.259375 0.037500 0.140625
7 0.636719 0.296875 0.042188 0.093750
3 0.729688 0.148438 0.043750 0.062500
3 0.792188 0.144531 0.043750 0.057813
3 0.819531 0.225000 0.029687 0.059375
3 0.790625 0.302344 0.043750 0.060937
3 0.729688 0.301563 0.046875 0.065625
3 0.698438 0.225000 0.031250 0.065625
5 0.202344 0.746875 0.054688 0.081250
13 0.123438 0.700000 0.034375 0.065625
13 0.123438 0.455469 0.037500 0.073438
13 0.382812 0.597656 0.043750 0.110937
13 0.302344 0.285938 0.035937 0.115625
3 0.418750 0.596875 0.028125 0.050000
3 0.334375 0.283594 0.028125 0.051562
4 0.178125 0.577344 0.143750 0.170313
4 0.432812 0.724219 0.143750 0.139063
4 0.358594 0.139844 0.145313 0.173437
16 0.067969 0.582812 0.026562 0.109375
