1 0.127344 0.136719 0.045312 0.064062
1 0.481250 0.076563 0.046875 0.053125
1 0.204687 0.735156 0.012500 0.254688
1 0.202344 0.398438 0.010937 0.203125
1 0.323437 0.280469 0.125000 0.010937
1 0.770312 0.392188 0.012500 0.084375
16 0.914062 0.171094 0.025000 0.089063
0 0.809375 0.401562 0.065625 0.096875
0 0.600000 0.505469 0.068750 0.076563
0 0.600781 0.299219 0.067187 0.079687
0 0.539062 0.221875 0.053125 0.075000
0 0.466406 0.327344 0.067187 0.082812
0 0.439844 0.215625 0.035937 0.065625
0 0.322656 0.189844 0.035937 0.048438
0 0.233594 0.249219 0.051562 0.073438
0 0.821875 0.853125 0.087500 0.118750
8 0.178906 0.177344 0.054688 0.126562
10 0.873437 0.717969 0.053125 0.064062
1 0.624219 0.097656 0.101562 0.017188
9 0.878906 0.503906 0.039062 0.064062
7 0.880469 0.610156 0.039062 0.057813
2 0.879687 0.563281 0.040625 0.223438
11 0.709375 0.313281 0.112500 0.051562
11 0.614062 0.578906 0.081250 0.051562
11 0.471094 0.466406 0.042188 0.185938
13 0.625000 0.131250 0.103125 0.046875
13 0.626563 0.373437 0.106250 0.050000
13 0.257031 0.540625 0.045312 0.040625
13 0.408594 0.540625 0.042188 0.040625
13 0.487500 0.856250 0.034375 0.053125
2 0.353906 0.737500 0.085938 0.062500
2 0.355469 0.588281 0.189062 0.035937
2 0.666406 0.685156 0.054688 0.139063
2 0.710156 0.589063 0.110937 0.034375
5 0.242188 0.800781 0.056250 0.185938
5 0.360938 0.857812 0.178125 0.071875
5 0.492969 0.761719 0.064062 0.085938
6 0.484375 0.136719 0.031250 0.060937
6 0.361719 0.238281 0.048438 0.042188
7 0.539062 0.131250 0.053125 0.050000
7 0.259375 0.128906 0.087500 0.045312
17 0.410156 0.272656 0.032813 0.026562
17 0.444531 0.271094 0.032813 0.029687
17 0.478125 0.271875 0.031250 0.028125
17 0.887500 0.834375 0.025000 0.128125
3 0.623437 0.656250 0.028125 0.043750
3 0.623437 0.715625 0.028125 0.043750
3 0.708594 0.655469 0.026562 0.045312
3 0.707812 0.715625 0.028125 0.043750
12 0.356250 0.579688 0.084375 0.015625
3 0.614844 0.417969 0.032813 0.032813
3 0.611719 0.171094 0.032813 0.035937
4 0.720313 0.190625 0.087500 0.168750
4 0.722656 0.435156 0.085938 0.170313
4 0.333594 0.475000 0.107813 0.168750
