1 0.146875 0.935156 0.121875 0.023438
1 0.493750 0.935156 0.096875 0.026562
1 0.906250 0.707813 0.015625 0.362500
1 0.846094 0.273438 0.014063 0.234375
2 0.129688 0.796875 0.087500 0.250000
3 0.161719 0.770313 0.045312 0.065625
13 0.201563 0.885938 0.053125 0.071875
11 0.114062 0.589062 0.053125 0.165625
11 0.578906 0.788281 0.054688 0.267188
4 0.282813 0.787500 0.109375 0.268750
6 0.417187 0.712500 0.059375 0.065625
0 0.431250 0.792969 0.046875 0.076563
0 0.417969 0.571094 0.085938 0.129688
0 0.586719 0.571094 0.085938 0.129688
0 0.132031 0.271875 0.123438 0.175000
0 0.508594 0.695312 0.067187 0.115625
13 0.654687 0.889844 0.056250 0.064062
13 0.849219 0.890625 0.057813 0.062500
4 0.753125 0.787500 0.137500 0.268750
12 0.753906 0.513281 0.089063 0.014063
17 0.734375 0.447656 0.046875 0.089063
17 0.607031 0.084375 0.054688 0.050000
17 0.497656 0.085156 0.054688 0.048438
17 0.553125 0.084375 0.053125 0.050000
12 0.282031 0.478125 0.110937 0.021875
17 0.135156 0.465625 0.098437 0.050000
7 0.493750 0.882031 0.096875 0.079687
10 0.678125 0.441406 0.056250 0.101562
7 0.675000 0.102344 0.059375 0.070312
9 0.780469 0.101562 0.064062 0.071875
16 0.898438 0.085156 0.087500 0.051562
2 0.740625 0.103125 0.187500 0.087500
2 0.539844 0.239844 0.089063 0.142187
3 0.499219 0.305469 0.054688 0.085938
3 0.582812 0.305469 0.053125 0.085938
3 0.582812 0.175000 0.053125 0.090625
3 0.499219 0.172656 0.054688 0.085938
2 0.281250 0.466406 0.184375 0.051562
2 0.275000 0.279687 0.109375 0.075000
2 0.144531 0.119531 0.045312 0.085938
5 0.279687 0.117969 0.200000 0.107813
5 0.410156 0.185156 0.067187 0.248438
