1 0.188281 0.139063 0.135937 0.009375
1 0.303906 0.062500 0.064062 0.037500
1 0.178906 0.846094 0.110937 0.007812
1 0.638281 0.844531 0.114062 0.010937
1 0.568750 0.136719 0.243750 0.010937
8 0.346094 0.110156 0.148438 0.051562
0 0.296094 0.168750 0.070312 0.053125
0 0.300000 0.485156 0.081250 0.060937
0 0.221875 0.551562 0.068750 0.053125
0 0.216406 0.593750 0.060937 0.034375
0 0.300781 0.614844 0.082812 0.064062
0 0.878906 0.616406 0.101562 0.079687
0 0.559375 0.614844 0.081250 0.064062
0 0.396094 0.817969 0.082812 0.067187
11 0.394531 0.463281 0.051562 0.092188
11 0.392969 0.299219 0.054688 0.067187
11 0.693750 0.610156 0.162500 0.042188
6 0.316406 0.232813 0.042188 0.050000
6 0.122656 0.503906 0.045312 0.048438
15 0.108594 0.612500 0.026562 0.056250
11 0.170313 0.668750 0.175000 0.040625
13 0.103125 0.726562 0.040625 0.071875
13 0.752344 0.664062 0.039062 0.065625
13 0.754687 0.821875 0.040625 0.034375
12 0.393750 0.374219 0.009375 0.064062
12 0.753906 0.258594 0.010937 0.085938
7 0.392969 0.180469 0.054688 0.085938
15 0.395313 0.243750 0.050000 0.028125
13 0.100781 0.227344 0.045312 0.173437
13 0.100000 0.447656 0.040625 0.051562
4 0.171875 0.367188 0.181250 0.115625
4 0.171875 0.797656 0.178125 0.079687
4 0.682031 0.750000 0.182812 0.112500
3 0.710156 0.663281 0.039062 0.032813
3 0.536719 0.439844 0.054688 0.020313
3 0.599219 0.440625 0.054688 0.018750
3 0.644531 0.477344 0.026562 0.039062
3 0.536719 0.513281 0.051562 0.017188
3 0.597656 0.514062 0.051562 0.015625
3 0.489063 0.478125 0.028125 0.040625
2 0.567969 0.478125 0.126562 0.053125
2 0.569531 0.267188 0.064062 0.087500
17 0.961719 0.614062 0.042188 0.065625
2 0.960938 0.530469 0.043750 0.101562
2 0.751563 0.257031 0.043750 0.232813
5 0.568750 0.169531 0.084375 0.054688
5 0.469531 0.269531 0.076563 0.139063
5 0.570312 0.368750 0.084375 0.053125
13 0.464844 0.173437 0.051562 0.040625
13 0.465625 0.370312 0.053125 0.040625
9 0.480469 0.790625 0.039062 0.053125
7 0.480469 0.685156 0.054688 0.051562
2 0.478906 0.746094 0.054688 0.185938
3 0.144531 0.203906 0.042188 0.032813
7 0.205469 0.499219 0.082812 0.042188
3 0.146875 0.724219 0.043750 0.029687
2 0.394531 0.373437 0.054688 0.081250
16 0.276562 0.938281 0.040625 0.067187
