1 0.257031 0.192969 0.273438 0.014063
1 0.645312 0.192188 0.218750 0.012500
1 0.886719 0.110937 0.067187 0.046875
1 0.648438 0.793750 0.090625 0.009375
1 0.849219 0.793750 0.142187 0.006250
16 0.885938 0.945312 0.093750 0.028125
4 0.867188 0.740625 0.181250 0.090625
4 0.632031 0.716406 0.120313 0.135937
4 0.559375 0.327344 0.181250 0.110937
1 0.769531 0.317188 0.007812 0.134375
0 0.803125 0.225781 0.078125 0.051562
0 0.717969 0.471094 0.085938 0.070312
0 0.834375 0.441406 0.062500 0.035937
0 0.832812 0.546875 0.081250 0.056250
0 0.746875 0.612500 0.087500 0.071875
0 0.502344 0.613281 0.089063 0.073438
0 0.642969 0.832812 0.098437 0.071875
0 0.158594 0.846875 0.120313 0.090625
5 0.201563 0.239844 0.175000 0.070312
5 0.162500 0.372656 0.096875 0.192188
5 0.252344 0.497656 0.092188 0.070312
17 0.123438 0.626563 0.034375 0.043750
17 0.124219 0.669531 0.035937 0.042188
17 0.123438 0.715625 0.034375 0.050000
17 0.378125 0.784375 0.068750 0.025000
0 0.871875 0.318750 0.053125 0.040625
12 0.450781 0.357031 0.014063 0.089063
2 0.278906 0.353125 0.070312 0.090625
2 0.311719 0.666406 0.117188 0.092188
2 0.438281 0.353906 0.039062 0.201563
13 0.490625 0.248438 0.043750 0.043750
13 0.491406 0.407813 0.042188 0.046875
13 0.150000 0.494531 0.059375 0.035937
3 0.246094 0.639062 0.051562 0.043750
3 0.246875 0.696094 0.053125 0.045312
3 0.310937 0.725000 0.050000 0.031250
3 0.375781 0.695312 0.051562 0.046875
3 0.378906 0.639062 0.045312 0.043750
3 0.311719 0.607031 0.048438 0.026562
3 0.491406 0.732812 0.045312 0.025000
3 0.889844 0.662500 0.035937 0.037500
6 0.814063 0.360156 0.040625 0.048438
8 0.880469 0.166406 0.129688 0.054688
7 0.931250 0.252344 0.050000 0.092188
7 0.932031 0.546875 0.051562 0.056250
6 0.924219 0.490625 0.064062 0.031250
13 0.931250 0.660937 0.046875 0.065625
13 0.491406 0.767188 0.135937 0.037500
11 0.882812 0.606250 0.150000 0.043750
11 0.626563 0.606250 0.134375 0.043750
11 0.569531 0.476562 0.201563 0.043750
17 0.175000 0.917188 0.137500 0.025000
10 0.300000 0.903125 0.068750 0.053125
7 0.415625 0.907813 0.059375 0.040625
9 0.528125 0.907813 0.071875 0.037500
2 0.465625 0.907813 0.240625 0.043750
