16 0.056250 0.225781 0.028125 0.126562
1 0.067187 0.357031 0.053125 0.101562
1 0.067187 0.721875 0.053125 0.103125
1 0.199219 0.805469 0.129688 0.020313
1 0.391406 0.805469 0.114062 0.020313
1 0.534375 0.804688 0.100000 0.021875
1 0.722656 0.804688 0.089063 0.021875
1 0.608594 0.830469 0.045312 0.070312
1 0.792188 0.830469 0.046875 0.070312
11 0.146094 0.252344 0.104688 0.076563
11 0.252344 0.251563 0.104688 0.075000
11 0.358594 0.460938 0.092188 0.078125
17 0.338281 0.247656 0.060937 0.070312
17 0.885938 0.354687 0.059375 0.046875
5 0.851562 0.729688 0.131250 0.109375
5 0.881250 0.535937 0.068750 0.271875
5 0.802344 0.359375 0.076563 0.125000
2 0.797656 0.539062 0.051562 0.112500
12 0.685156 0.536719 0.010937 0.154688
0 0.881250 0.239063 0.093750 0.150000
0 0.549219 0.460938 0.057813 0.103125
0 0.600781 0.540625 0.042188 0.068750
0 0.339844 0.350000 0.073438 0.115625
0 0.439844 0.470313 0.067187 0.125000
12 0.298438 0.541406 0.006250 0.132812
13 0.111719 0.400781 0.035937 0.079687
13 0.112500 0.675781 0.037500 0.079687
4 0.167187 0.540625 0.146875 0.193750
0 0.414062 0.156250 0.062500 0.115625
9 0.544531 0.091406 0.054688 0.064062
7 0.625781 0.090625 0.051562 0.065625
2 0.586719 0.091406 0.164062 0.076563
8 0.554688 0.735938 0.134375 0.096875
7 0.500000 0.589844 0.034375 0.073438
2 0.503906 0.589844 0.039062 0.154688
6 0.643750 0.621875 0.056250 0.056250
13 0.332031 0.567969 0.045312 0.129688
3 0.369531 0.567187 0.026562 0.065625
4 0.382812 0.713281 0.146875 0.157812
5 0.194531 0.739844 0.054688 0.095312
