1 0.935156 0.146875 0.023438 0.121875
1 0.935156 0.493750 0.026562 0.096875
1 0.707813 0.906250 0.362500 0.015625
1 0.273438 0.846094 0.234375 0.014063
2 0.796875 0.129688 0.250000 0.087500
3 0.770313 0.161719 0.065625 0.045312
13 0.885938 0.201563 0.071875 0.053125
11 0.589062 0.114062 0.165625 0.053125
11 0.788281 0.578906 0.267188 0.054688
4 0.787500 0.282813 0.268750 0.109375
6 0.712500 0.417187 0.065625 0.059375
0 0.792969 0.431250 0.076563 0.046875
0 0.571094 0.417969 0.129688 0.085938
0 0.571094 0.586719 0.129688 0.085938
0 0.271875 0.132031 0.175000 0.123438
0 0.695312 0.508594 0.115625 0.067187
13 0.889844 0.654687 0.064062 0.056250
13 0.890625 0.849219 0.062500 0.057813
4 0.787500 0.753125 0.268750 0.137500
12 0.513281 0.753906 0.014063 0.089063
17 0.447656 0.734375 0.089063 0.046875
17 0.084375 0.607031 0.050000 0.054688
17 0.085156 0.497656 0.048438 0.054688
17 0.084375 0.553125 0.050000 0.053125
12 0.478125 0.282031 0.021875 0.110937
17 0.465625 0.135156 0.050000 0.098437
7 0.882031 0.493750 0.079687 0.096875
10 0.441406 0.678125 0.101562 0.056250
7 0.102344 0.675000 0.070312 0.059375
9 0.101562 0.780469 0.071875 0.064062
16 0.085156 0.898438 0.051562 0.087500
2 0.103125 0.740625 0.087500 0.187500
2 0.239844 0.539844 0.142187 0.089063
3 0.305469 0.499219 0.085938 0.054688
3 0.305469 0.582812 0.085938 0.053125
3 0.175000 0.582812 0.090625 0.053125
3 0.172656 0.499219 0.085938 0.054688
2 0.466406 0.281250 0.051562 0.184375
2 0.279687 0.275000 0.075000 0.109375
2 0.119531 0.144531 0.085938 0.045312
5 0.117969 0.279687 0.107813 0.200000
5 0.185156 0.410156 0.248438 0.067187
