1 0.192969 0.742969 0.014063 0.273438
1 0.192188 0.354688 0.012500 0.218750
1 0.110937 0.113281 0.046875 0.067187
1 0.793750 0.351562 0.009375 0.090625
1 0.793750 0.150781 0.006250 0.142187
16 0.945312 0.114062 0.028125 0.093750
4 0.740625 0.132812 0.090625 0.181250
4 0.716406 0.367969 0.135937 0.120313
4 0.327344 0.440625 0.110937 0.181250
1 0.317188 0.230469 0.134375 0.007812
0 0.225781 0.196875 0.051562 0.078125
0 0.471094 0.282031 0.070312 0.085938
0 0.441406 0.165625 0.035937 0.062500
0 0.546875 0.167188 0.056250 0.081250
0 0.612500 0.253125 0.071875 0.087500
0 0.613281 0.497656 0.073438 0.089063
0 0.832812 0.357031 0.071875 0.098437
0 0.846875 0.841406 0.090625 0.120313
5 0.239844 0.798437 0.070312 0.175000
5 0.372656 0.837500 0.192188 0.096875
5 0.497656 0.747656 0.070312 0.092188
17 0.626563 0.876562 0.043750 0.034375
17 0.669531 0.875781 0.042188 0.035937
17 0.715625 0.876562 0.050000 0.034375
17 0.784375 0.621875 0.025000 0.068750
0 0.318750 0.128125 0.040625 0.053125
12 0.357031 0.549219 0.089063 0.014063
2 0.353125 0.721094 0.090625 0.070312
2 0.666406 0.688281 0.092188 0.117188
2 0.353906 0.561719 0.201563 0.039062
13 0.248438 0.509375 0.043750 0.043750
13 0.407813 0.508594 0.046875 0.042188
13 0.494531 0.850000 0.035937 0.059375
3 0.639062 0.753906 0.043750 0.051562
3 0.696094 0.753125 0.045312 0.053125
3 0.725000 0.689063 0.031250 0.050000
3 0.695312 0.624219 0.046875 0.051562
3 0.639062 0.621094 0.043750 0.045312
3 0.607031 0.688281 0.026562 0.048438
3 0.732812 0.508594 0.025000 0.045312
3 0.662500 0.110156 0.037500 0.035937
6 0.360156 0.185937 0.048438 0.040625
8 0.166406 0.119531 0.054688 0.129688
7 0.252344 0.068750 0.092188 0.050000
7 0.546875 0.067969 0.056250 0.051562
6 0.490625 0.075781 0.031250 0.064062
13 0.660937 0.068750 0.065625 0.046875
13 0.767188 0.508594 0.037500 0.135937
11 0.606250 0.117188 0.043750 0.150000
11 0.606250 0.373437 0.043750 0.134375
11 0.476562 0.430469 0.043750 0.201563
17 0.917188 0.825000 0.025000 0.137500
10 0.903125 0.700000 0.053125 0.068750
7 0.907813 0.584375 0.040625 0.059375
9 0.907813 0.471875 0.037500 0.071875
2 0.907813 0.534375 0.043750 0.240625
