8 0.139844 0.859375 0.176563 0.056250
0 0.149219 0.793750 0.057813 0.040625
0 0.310937 0.807031 0.090625 0.057813
0 0.300000 0.561719 0.109375 0.070312
0 0.308594 0.437500 0.089063 0.056250
0 0.130469 0.439844 0.054688 0.054688
0 0.189844 0.106250 0.139063 0.096875
0 0.859375 0.351562 0.118750 0.075000
0 0.516406 0.486719 0.110937 0.067187
0 0.408594 0.635156 0.104688 0.073438
1 0.411719 0.921875 0.092188 0.053125
1 0.732031 0.922656 0.092188 0.051562
1 0.807031 0.771875 0.017188 0.146875
1 0.805469 0.585938 0.017188 0.103125
1 0.805469 0.217187 0.017188 0.134375
1 0.033594 0.659375 0.017188 0.106250
11 0.118750 0.498437 0.150000 0.046875
11 0.269531 0.498437 0.151562 0.046875
11 0.546875 0.670312 0.168750 0.043750
11 0.713281 0.669531 0.164062 0.045312
11 0.507812 0.579688 0.068750 0.115625
10 0.518750 0.417188 0.081250 0.053125
7 0.607812 0.421875 0.071875 0.043750
9 0.728906 0.420312 0.082812 0.040625
2 0.678906 0.421094 0.235937 0.048438
12 0.592187 0.300781 0.137500 0.010937
2 0.631250 0.293750 0.328125 0.025000
2 0.585938 0.185937 0.121875 0.040625
5 0.421875 0.174219 0.084375 0.057813
5 0.577344 0.105469 0.226562 0.070312
5 0.742188 0.135938 0.103125 0.131250
13 0.419531 0.106250 0.057813 0.056250
2 0.225000 0.238281 0.143750 0.095312
17 0.064062 0.313281 0.040625 0.042188
17 0.064844 0.271094 0.042188 0.039062
17 0.064844 0.229688 0.042188 0.040625
17 0.064844 0.188281 0.042188 0.039062
1 0.175781 0.917188 0.076563 0.043750
6 0.287500 0.867969 0.050000 0.054688
6 0.203125 0.367188 0.053125 0.050000
7 0.259375 0.742188 0.140625 0.037500
7 0.296875 0.363281 0.093750 0.042188
3 0.148438 0.270312 0.062500 0.043750
3 0.144531 0.207812 0.057813 0.043750
3 0.225000 0.180469 0.059375 0.029687
3 0.302344 0.209375 0.060937 0.043750
3 0.301563 0.270312 0.065625 0.046875
3 0.225000 0.301562 0.065625 0.031250
5 0.746875 0.797656 0.081250 0.054688
13 0.700000 0.876562 0.065625 0.034375
13 0.455469 0.876562 0.073438 0.037500
13 0.597656 0.617188 0.110937 0.043750
13 0.285938 0.697656 0.115625 0.035937
3 0.596875 0.581250 0.050000 0.028125
3 0.283594 0.665625 0.051562 0.028125
4 0.577344 0.821875 0.170313 0.143750
4 0.724219 0.567188 0.139063 0.143750
4 0.139844 0.641406 0.173437 0.145313
16 0.582812 0.932031 0.109375 0.026562
