8 0.873438 0.137500 0.175000 0.059375
0 0.861719 0.203125 0.054688 0.040625
0 0.703125 0.190625 0.093750 0.059375
0 0.602344 0.358594 0.104688 0.073438
0 0.710156 0.432812 0.110937 0.068750
0 0.495313 0.507812 0.109375 0.068750
0 0.150000 0.641406 0.118750 0.076563
0 0.702344 0.557813 0.092188 0.059375
16 0.427344 0.064844 0.110937 0.026562
1 0.602344 0.074219 0.092188 0.051562
1 0.278906 0.075781 0.092188 0.051562
1 0.837500 0.079687 0.075000 0.043750
6 0.726562 0.128906 0.053125 0.051562
6 0.810156 0.625781 0.048438 0.048438
7 0.753906 0.252344 0.139063 0.042188
13 0.557031 0.121094 0.073438 0.035937
13 0.312500 0.121094 0.068750 0.035937
13 0.727344 0.297656 0.117188 0.035937
13 0.412500 0.378125 0.109375 0.040625
4 0.434375 0.175781 0.175000 0.145313
1 0.205469 0.225781 0.020313 0.145313
1 0.206250 0.410156 0.021875 0.104688
1 0.204688 0.799219 0.018750 0.082812
1 0.182813 0.732812 0.062500 0.046875
1 0.978906 0.336719 0.017188 0.104688
3 0.728906 0.329688 0.051562 0.028125
3 0.416406 0.415625 0.051562 0.028125
11 0.504688 0.415625 0.068750 0.115625
11 0.467187 0.325781 0.165625 0.048438
11 0.300000 0.326562 0.165625 0.046875
11 0.892187 0.496875 0.150000 0.046875
11 0.742188 0.496875 0.143750 0.046875
10 0.494531 0.578906 0.082812 0.057813
7 0.405469 0.575000 0.076563 0.040625
7 0.716406 0.631250 0.095312 0.040625
9 0.284375 0.575000 0.081250 0.040625
2 0.333594 0.574219 0.235937 0.048438
12 0.421094 0.693750 0.139063 0.012500
2 0.380469 0.700781 0.329688 0.023438
4 0.289062 0.428906 0.140625 0.145313
4 0.873438 0.353906 0.175000 0.142187
5 0.264062 0.199219 0.081250 0.054688
5 0.590625 0.820312 0.084375 0.056250
3 0.788281 0.694531 0.064062 0.032813
3 0.710938 0.724219 0.062500 0.048438
3 0.710938 0.782813 0.062500 0.043750
3 0.788281 0.813281 0.057813 0.029687
3 0.864063 0.724219 0.065625 0.045312
3 0.867969 0.785937 0.054688 0.043750
2 0.788281 0.753906 0.139063 0.095312
2 0.425781 0.808594 0.123438 0.039062
2 0.593750 0.886719 0.059375 0.057813
5 0.435937 0.888281 0.231250 0.067187
5 0.271875 0.857812 0.096875 0.131250
17 0.947656 0.680469 0.042188 0.042188
17 0.947656 0.722656 0.042188 0.042188
17 0.947656 0.764844 0.042188 0.042188
17 0.947656 0.804688 0.042188 0.040625
0 0.824219 0.885156 0.139063 0.098437
0 0.882031 0.554688 0.057813 0.053125
