15 0.767187 0.344531 0.015625 0.054688
17 0.760937 0.207031 0.028125 0.054688
17 0.760937 0.258594 0.028125 0.048438
2 0.721094 0.294531 0.107813 0.029687
0 0.702344 0.209375 0.070312 0.075000
0 0.696875 0.361719 0.043750 0.032813
0 0.699219 0.480469 0.048438 0.048438
0 0.762500 0.535937 0.059375 0.059375
0 0.658594 0.742969 0.057813 0.060937
0 0.549219 0.596875 0.057813 0.059375
0 0.453125 0.538281 0.056250 0.057813
0 0.450000 0.335156 0.056250 0.057813
7 0.604687 0.604688 0.037500 0.046875
9 0.606250 0.719531 0.028125 0.048438
2 0.569531 0.399219 0.057813 0.117188
12 0.220313 0.503906 0.062500 0.007812
12 0.336719 0.286719 0.076563 0.007812
2 0.329688 0.283594 0.300000 0.029687
13 0.312500 0.465625 0.071875 0.028125
13 0.149219 0.467187 0.051562 0.031250
13 0.311719 0.694531 0.070312 0.029687
13 0.149219 0.696094 0.048438 0.029687
13 0.425781 0.649219 0.029687 0.067187
13 0.425781 0.803906 0.029687 0.035937
13 0.905469 0.542188 0.029687 0.112500
13 0.906250 0.734375 0.031250 0.059375
2 0.475781 0.063281 0.039062 0.039062
2 0.214063 0.066406 0.040625 0.035937
5 0.348437 0.062500 0.193750 0.053125
5 0.212500 0.150781 0.050000 0.114062
5 0.476562 0.146875 0.062500 0.062500
2 0.348437 0.156250 0.134375 0.065625
1 0.172656 0.180469 0.007812 0.176563
1 0.118750 0.414844 0.009375 0.101562
1 0.118750 0.594531 0.009375 0.120313
1 0.200781 0.839063 0.039062 0.031250
1 0.453125 0.827344 0.078125 0.010937
1 0.872656 0.767188 0.098437 0.006250
3 0.568750 0.325781 0.028125 0.026562
3 0.611719 0.360938 0.029687 0.025000
3 0.612500 0.398438 0.028125 0.028125
3 0.612500 0.435937 0.028125 0.028125
3 0.571094 0.471094 0.029687 0.029687
3 0.525781 0.436719 0.026562 0.026562
3 0.525781 0.397656 0.026562 0.026562
3 0.525000 0.360156 0.028125 0.026562
6 0.751562 0.407031 0.046875 0.032813
6 0.318750 0.784375 0.034375 0.050000
11 0.409375 0.386719 0.128125 0.039062
11 0.414062 0.450781 0.118750 0.073438
3 0.310937 0.437500 0.031250 0.028125
3 0.313281 0.664844 0.029687 0.026562
3 0.878125 0.532813 0.025000 0.031250
11 0.851562 0.465625 0.134375 0.040625
11 0.462500 0.594531 0.106250 0.039062
16 0.535938 0.856250 0.062500 0.028125
7 0.374219 0.802344 0.057813 0.039062
15 0.158594 0.744531 0.029687 0.045312
8 0.206250 0.767969 0.053125 0.101562
0 0.271875 0.739844 0.031250 0.045312
15 0.289062 0.863281 0.043750 0.060937
0 0.378906 0.735156 0.048438 0.048438
2 0.239062 0.504687 0.231250 0.034375
4 0.857813 0.651563 0.125000 0.109375
4 0.225000 0.646094 0.109375 0.129688
4 0.224219 0.415625 0.107813 0.128125
4 0.474219 0.734375 0.126562 0.109375
2 0.605469 0.669531 0.039062 0.189062
17 0.717187 0.653906 0.040625 0.039062
2 0.722656 0.719531 0.029687 0.089063
