11 0.205469 0.581250 0.264062 0.053125
11 0.400000 0.114844 0.159375 0.054688
1 0.061719 0.496875 0.020313 0.096875
1 0.061719 0.146875 0.020313 0.125000
1 0.284375 0.910937 0.356250 0.015625
16 0.892188 0.901563 0.046875 0.087500
1 0.707812 0.848438 0.228125 0.012500
9 0.875000 0.783594 0.068750 0.067187
7 0.875781 0.679688 0.073438 0.056250
2 0.875000 0.744531 0.084375 0.189062
17 0.891406 0.610156 0.048438 0.054688
17 0.892188 0.556250 0.046875 0.053125
17 0.892969 0.499219 0.048438 0.057813
17 0.539062 0.736719 0.084375 0.051562
17 0.521875 0.136719 0.050000 0.098437
0 0.200781 0.432031 0.079687 0.048438
7 0.113281 0.497656 0.076563 0.095312
0 0.296094 0.511719 0.110937 0.070312
0 0.416406 0.418750 0.129688 0.087500
0 0.418750 0.588281 0.125000 0.089063
10 0.546875 0.680469 0.100000 0.057813
2 0.740625 0.542187 0.137500 0.090625
3 0.806250 0.583594 0.084375 0.054688
3 0.806250 0.500000 0.081250 0.050000
3 0.675781 0.583594 0.082812 0.054688
3 0.675781 0.500000 0.082812 0.053125
0 0.710938 0.133594 0.168750 0.114062
12 0.509375 0.282031 0.018750 0.110937
2 0.520312 0.281250 0.050000 0.181250
2 0.701562 0.275000 0.075000 0.112500
5 0.794531 0.411719 0.239063 0.070312
5 0.861719 0.276563 0.107813 0.200000
2 0.856250 0.143750 0.087500 0.043750
13 0.109375 0.197656 0.071875 0.054688
13 0.105469 0.657031 0.067187 0.054688
13 0.106250 0.853125 0.062500 0.056250
4 0.205469 0.755469 0.264062 0.139063
4 0.205469 0.282813 0.260937 0.115625
12 0.474219 0.755469 0.014063 0.095312
13 0.197656 0.129687 0.245312 0.084375
3 0.224219 0.160156 0.064062 0.048438
6 0.282031 0.418750 0.064062 0.062500
