12 0.833594 0.282813 0.014063 0.081250
12 0.424219 0.385937 0.007812 0.065625
1 0.622656 0.152344 0.279687 0.010937
1 0.320312 0.082031 0.071875 0.035937
1 0.189063 0.154688 0.156250 0.009375
1 0.184375 0.850000 0.128125 0.009375
1 0.707813 0.846094 0.128125 0.010937
2 0.830469 0.268750 0.048438 0.228125
0 0.813281 0.489844 0.120313 0.073438
0 0.615625 0.620313 0.093750 0.062500
0 0.320312 0.496094 0.090625 0.060937
0 0.319531 0.622656 0.092188 0.060937
0 0.225000 0.603125 0.075000 0.034375
0 0.232031 0.559375 0.076563 0.050000
0 0.311719 0.184375 0.076563 0.050000
0 0.431250 0.820312 0.096875 0.062500
15 0.426562 0.257031 0.056250 0.026562
15 0.814062 0.056250 0.075000 0.062500
15 0.102344 0.621094 0.029687 0.054688
8 0.368750 0.126562 0.168750 0.056250
7 0.423438 0.196094 0.062500 0.079687
6 0.335156 0.246875 0.048438 0.050000
13 0.091406 0.218750 0.048438 0.118750
13 0.092187 0.303906 0.046875 0.048438
13 0.094531 0.459375 0.048438 0.050000
13 0.097656 0.732031 0.045312 0.073438
13 0.835156 0.670312 0.045312 0.065625
13 0.836719 0.823438 0.048438 0.034375
5 0.622656 0.183594 0.151562 0.051562
5 0.507031 0.285156 0.079687 0.139063
5 0.639062 0.377344 0.112500 0.035937
2 0.637500 0.285156 0.075000 0.092188
2 0.505469 0.185938 0.060937 0.040625
2 0.426562 0.385156 0.062500 0.079687
11 0.425000 0.312500 0.062500 0.065625
11 0.425781 0.471875 0.060937 0.090625
3 0.140625 0.220312 0.050000 0.034375
3 0.146094 0.732031 0.048438 0.035937
3 0.785938 0.667188 0.046875 0.031250
11 0.765625 0.616406 0.184375 0.042188
11 0.173438 0.674219 0.200000 0.042188
2 0.538281 0.467969 0.139063 0.051562
3 0.567188 0.508594 0.046875 0.023438
3 0.504688 0.507031 0.050000 0.026562
3 0.566406 0.429688 0.048438 0.025000
3 0.501563 0.428125 0.050000 0.025000
7 0.212500 0.510938 0.096875 0.040625
6 0.117188 0.514062 0.050000 0.046875
4 0.171875 0.379688 0.206250 0.112500
4 0.756250 0.755469 0.206250 0.110937
4 0.175000 0.801562 0.203125 0.081250
16 0.295312 0.939844 0.050000 0.064062
7 0.526562 0.690625 0.059375 0.050000
9 0.525000 0.792969 0.046875 0.051562
2 0.528125 0.751563 0.062500 0.181250
