8 0.137500 0.873438 0.059375 0.175000
0 0.203125 0.861719 0.040625 0.054688
0 0.190625 0.703125 0.059375 0.093750
0 0.358594 0.602344 0.073438 0.104688
0 0.432812 0.710156 0.068750 0.110937
0 0.507812 0.495313 0.068750 0.109375
0 0.641406 0.150000 0.076563 0.118750
0 0.557813 0.702344 0.059375 0.092188
16 0.064844 0.427344 0.026562 0.110937
1 0.074219 0.602344 0.051562 0.092188
1 0.075781 0.278906 0.051562 0.092188
1 0.079687 0.837500 0.043750 0.075000
6 0.128906 0.726562 0.051562 0.053125
6 0.625781 0.810156 0.048438 0.048438
7 0.252344 0.753906 0.042188 0.139063
13 0.121094 0.557031 0.035937 0.073438
13 0.121094 0.312500 0.035937 0.068750
13 0.297656 0.727344 0.035937 0.117188
13 0.378125 0.412500 0.040625 0.109375
4 0.175781 0.434375 0.145313 0.175000
1 0.225781 0.205469 0.145313 0.020313
1 0.410156 0.206250 0.104688 0.021875
1 0.799219 0.204688 0.082812 0.018750
1 0.732812 0.182813 0.046875 0.062500
1 0.336719 0.978906 0.104688 0.017188
3 0.329688 0.728906 0.028125 0.051562
3 0.415625 0.416406 0.028125 0.051562
11 0.415625 0.504688 0.115625 0.068750
11 0.325781 0.467187 0.048438 0.165625
11 0.326562 0.300000 0.046875 0.165625
11 0.496875 0.892187 0.046875 0.150000
11 0.496875 0.742188 0.046875 0.143750
10 0.578906 0.494531 0.057813 0.082812
7 0.575000 0.405469 0.040625 0.076563
7 0.631250 0.716406 0.040625 0.095312
9 0.575000 0.284375 0.040625 0.081250
2 0.574219 0.333594 0.048438 0.235937
12 0.693750 0.421094 0.012500 0.139063
2 0.700781 0.380469 0.023438 0.329688
4 0.428906 0.289062 0.145313 0.140625
4 0.353906 0.873438 0.142187 0.175000
5 0.199219 0.264062 0.054688 0.081250
5 0.820312 0.590625 0.056250 0.084375
3 0.694531 0.788281 0.032813 0.064062
3 0.724219 0.710938 0.048438 0.062500
3 0.782813 0.710938 0.043750 0.062500
3 0.813281 0.788281 0.029687 0.057813
3 0.724219 0.864063 0.045312 0.065625
3 0.785937 0.867969 0.043750 0.054688
2 0.753906 0.788281 0.095312 0.139063
2 0.808594 0.425781 0.039062 0.123438
2 0.886719 0.593750 0.057813 0.059375
5 0.888281 0.435937 0.067187 0.231250
5 0.857812 0.271875 0.131250 0.096875
17 0.680469 0.947656 0.042188 0.042188
17 0.722656 0.947656 0.042188 0.042188
17 0.764844 0.947656 0.042188 0.042188
17 0.804688 0.947656 0.040625 0.042188
0 0.885156 0.824219 0.098437 0.139063
0 0.554688 0.882031 0.053125 0.057813
