16 0.235937 0.057031 0.112500 0.026562
1 0.358594 0.067187 0.092188 0.053125
1 0.696094 0.067187 0.095312 0.053125
1 0.796094 0.607031 0.067187 0.051562
1 0.794531 0.790625 0.064062 0.046875
0 0.454688 0.550000 0.096875 0.059375
0 0.463281 0.441406 0.110937 0.067187
0 0.351562 0.340625 0.106250 0.075000
0 0.528906 0.600000 0.057813 0.040625
0 0.172656 0.414062 0.104688 0.062500
11 0.260937 0.147656 0.068750 0.104688
11 0.261719 0.251563 0.070312 0.100000
11 0.455469 0.357812 0.070312 0.093750
17 0.258594 0.337500 0.064062 0.065625
13 0.398438 0.113281 0.071875 0.035937
13 0.653125 0.112500 0.071875 0.034375
13 0.552344 0.333594 0.120313 0.042188
4 0.526563 0.168750 0.184375 0.146875
1 0.771875 0.200781 0.018750 0.129688
1 0.771094 0.392188 0.020313 0.112500
1 0.771094 0.532031 0.020313 0.098437
1 0.771094 0.722656 0.020313 0.085938
5 0.710938 0.196094 0.087500 0.057813
3 0.553125 0.370312 0.059375 0.028125
4 0.685937 0.384375 0.146875 0.143750
7 0.572656 0.504687 0.142187 0.040625
6 0.603125 0.643750 0.053125 0.050000
8 0.706250 0.556250 0.090625 0.134375
12 0.528125 0.298438 0.118750 0.009375
12 0.525000 0.685156 0.143750 0.010937
2 0.524219 0.797656 0.101562 0.048438
9 0.113281 0.547656 0.060937 0.054688
7 0.113281 0.625781 0.060937 0.048438
2 0.114062 0.585938 0.071875 0.162500
17 0.356250 0.887500 0.040625 0.062500
5 0.525000 0.882031 0.256250 0.070312
5 0.702344 0.851562 0.101562 0.131250
5 0.359375 0.803125 0.112500 0.075000
0 0.248438 0.882812 0.134375 0.096875
