12 0.164844 0.534375 0.007812 0.118750
2 0.275000 0.539844 0.050000 0.120313
17 0.167969 0.245312 0.029687 0.075000
17 0.167187 0.320312 0.031250 0.071875
2 0.166406 0.507812 0.029687 0.296875
5 0.269531 0.370312 0.048438 0.075000
5 0.354687 0.575000 0.056250 0.306250
5 0.282031 0.684375 0.089063 0.078125
2 0.353125 0.375000 0.034375 0.059375
13 0.521875 0.462500 0.028125 0.109375
13 0.519531 0.700000 0.029687 0.056250
13 0.878906 0.417969 0.029687 0.135937
13 0.878906 0.688281 0.029687 0.085938
17 0.492969 0.118750 0.029687 0.081250
17 0.493750 0.204687 0.031250 0.087500
0 0.114062 0.130469 0.075000 0.104688
0 0.538281 0.207813 0.048438 0.075000
0 0.773438 0.292969 0.062500 0.092188
0 0.644531 0.382812 0.057813 0.087500
0 0.711719 0.384375 0.057813 0.087500
2 0.295312 0.143750 0.031250 0.131250
3 0.350781 0.115625 0.032813 0.050000
3 0.350781 0.180469 0.032813 0.054688
3 0.444531 0.116406 0.032813 0.048438
3 0.445312 0.180469 0.034375 0.054688
2 0.396875 0.148438 0.043750 0.143750
1 0.269531 0.735938 0.173437 0.015625
1 0.550000 0.735938 0.071875 0.015625
1 0.843750 0.737500 0.103125 0.012500
1 0.930469 0.277344 0.007812 0.123438
11 0.722656 0.157812 0.039062 0.159375
11 0.701562 0.607031 0.040625 0.245312
11 0.557813 0.377344 0.100000 0.060937
3 0.552344 0.458594 0.026562 0.045312
3 0.850000 0.415625 0.028125 0.046875
7 0.409375 0.482031 0.037500 0.085938
9 0.409375 0.656250 0.028125 0.071875
2 0.409375 0.583594 0.037500 0.289062
0 0.468750 0.696094 0.059375 0.092188
8 0.624219 0.820312 0.051562 0.159375
15 0.625781 0.925000 0.060937 0.025000
6 0.686719 0.865625 0.032813 0.068750
7 0.753125 0.871094 0.059375 0.057813
1 0.687500 0.909375 0.040625 0.015625
0 0.757031 0.767188 0.048438 0.071875
4 0.829688 0.566406 0.131250 0.164062
4 0.856250 0.176563 0.081250 0.193750
4 0.571094 0.595313 0.129688 0.162500
13 0.783594 0.100781 0.079687 0.045312
13 0.910156 0.102344 0.032813 0.045312
3 0.780469 0.146094 0.029687 0.039062
16 0.957031 0.161719 0.029687 0.098437
0 0.650781 0.206250 0.029687 0.065625
15 0.668750 0.108594 0.053125 0.023438
6 0.604688 0.110937 0.031250 0.071875
7 0.545312 0.107031 0.059375 0.060937
1 0.910156 0.383594 0.032813 0.060937
