13 0.279687 0.782812 0.112500 0.037500
13 0.103906 0.783594 0.039062 0.035937
13 0.554688 0.653906 0.037500 0.089063
13 0.104688 0.382812 0.037500 0.100000
13 0.103125 0.182813 0.034375 0.090625
12 0.919531 0.366406 0.017188 0.098437
12 0.325000 0.325781 0.012500 0.045312
11 0.175781 0.454688 0.185938 0.040625
11 0.399219 0.454688 0.101562 0.040625
11 0.432031 0.394531 0.039062 0.079687
11 0.500000 0.589844 0.146875 0.039062
11 0.178125 0.621875 0.184375 0.040625
7 0.711719 0.923437 0.035937 0.040625
9 0.588281 0.924219 0.054688 0.039062
2 0.637500 0.922656 0.206250 0.042188
10 0.772656 0.917188 0.064062 0.056250
2 0.848437 0.917969 0.068750 0.048438
2 0.870313 0.653906 0.118750 0.032813
0 0.908594 0.852344 0.070312 0.060937
0 0.918750 0.802344 0.053125 0.035937
0 0.495312 0.450000 0.065625 0.065625
0 0.382031 0.592969 0.060937 0.064062
0 0.305469 0.450781 0.057813 0.067187
0 0.300000 0.592969 0.059375 0.064062
0 0.238281 0.509375 0.060937 0.056250
0 0.371875 0.324219 0.053125 0.060937
17 0.625781 0.444531 0.026562 0.060937
17 0.625781 0.382812 0.023438 0.059375
17 0.920312 0.234375 0.025000 0.037500
17 0.920312 0.196094 0.025000 0.035937
17 0.920312 0.157813 0.025000 0.034375
17 0.595313 0.801563 0.028125 0.068750
17 0.594531 0.595313 0.026562 0.068750
2 0.594531 0.697656 0.026562 0.135937
2 0.687500 0.698437 0.056250 0.150000
3 0.646094 0.741406 0.029687 0.032813
3 0.646094 0.697656 0.029687 0.029687
3 0.645312 0.655469 0.034375 0.032813
3 0.689063 0.610156 0.031250 0.026562
3 0.732812 0.655469 0.031250 0.029687
3 0.732812 0.699219 0.028125 0.029687
3 0.732812 0.742188 0.031250 0.031250
3 0.685937 0.786719 0.034375 0.026562
15 0.553906 0.819531 0.039062 0.017188
0 0.502344 0.867188 0.067187 0.059375
1 0.417187 0.807031 0.121875 0.007812
14 0.109375 0.835156 0.043750 0.042188
4 0.176563 0.732812 0.118750 0.137500
3 0.299219 0.744531 0.032813 0.035937
4 0.504687 0.746094 0.134375 0.107813
3 0.515625 0.652344 0.037500 0.035937
7 0.193750 0.579688 0.037500 0.028125
15 0.095312 0.570312 0.018750 0.043750
1 0.063281 0.512500 0.045312 0.046875
1 0.064844 0.215625 0.035937 0.043750
1 0.160156 0.121094 0.042188 0.035937
1 0.378906 0.117188 0.051562 0.046875
1 0.565625 0.134375 0.103125 0.009375
1 0.777344 0.132812 0.223438 0.009375
2 0.677344 0.201562 0.035937 0.037500
2 0.676562 0.450000 0.037500 0.037500
5 0.675000 0.326562 0.053125 0.187500
5 0.758594 0.453125 0.104688 0.053125
5 0.762500 0.200781 0.065625 0.054688
2 0.764062 0.326562 0.065625 0.065625
17 0.920312 0.450781 0.025000 0.045312
2 0.917188 0.321094 0.034375 0.292187
5 0.689844 0.068750 0.042188 0.043750
5 0.767969 0.067969 0.042188 0.039062
2 0.728906 0.065625 0.029687 0.028125
8 0.397656 0.167188 0.107813 0.053125
6 0.429688 0.318750 0.046875 0.028125
7 0.438281 0.275781 0.026562 0.035937
3 0.578125 0.294531 0.034375 0.035937
2 0.614062 0.296875 0.043750 0.112500
5 0.266406 0.164062 0.048438 0.043750
2 0.313281 0.164844 0.035937 0.035937
2 0.321875 0.283594 0.028125 0.120313
4 0.153906 0.281250 0.135937 0.115625
3 0.142969 0.397656 0.039062 0.035937
6 0.235937 0.568750 0.031250 0.046875
8 0.140625 0.538281 0.056250 0.107813
1 0.080469 0.693750 0.010937 0.121875
