1 0.139063 0.811719 0.009375 0.135937
1 0.062500 0.696094 0.037500 0.064062
1 0.846094 0.821094 0.007812 0.110937
1 0.844531 0.361719 0.010937 0.114062
1 0.136719 0.431250 0.010937 0.243750
8 0.110156 0.653906 0.051562 0.148438
0 0.168750 0.703906 0.053125 0.070312
0 0.485156 0.700000 0.060937 0.081250
0 0.551562 0.778125 0.053125 0.068750
0 0.593750 0.783594 0.034375 0.060937
0 0.614844 0.699219 0.064062 0.082812
0 0.616406 0.121094 0.079687 0.101562
0 0.614844 0.440625 0.064062 0.081250
0 0.817969 0.603906 0.067187 0.082812
11 0.463281 0.605469 0.092188 0.051562
11 0.299219 0.607031 0.067187 0.054688
11 0.610156 0.306250 0.042188 0.162500
6 0.232813 0.683594 0.050000 0.042188
6 0.503906 0.877344 0.048438 0.045312
15 0.612500 0.891406 0.056250 0.026562
11 0.668750 0.829687 0.040625 0.175000
13 0.726562 0.896875 0.071875 0.040625
13 0.664062 0.247656 0.065625 0.039062
13 0.821875 0.245313 0.034375 0.040625
12 0.374219 0.606250 0.064062 0.009375
12 0.258594 0.246094 0.085938 0.010937
7 0.180469 0.607031 0.085938 0.054688
15 0.243750 0.604687 0.028125 0.050000
13 0.227344 0.899219 0.173437 0.045312
13 0.447656 0.900000 0.051562 0.040625
4 0.367188 0.828125 0.115625 0.181250
4 0.797656 0.828125 0.079687 0.178125
4 0.750000 0.317969 0.112500 0.182812
3 0.663281 0.289844 0.032813 0.039062
3 0.439844 0.463281 0.020313 0.054688
3 0.440625 0.400781 0.018750 0.054688
3 0.477344 0.355469 0.039062 0.026562
3 0.513281 0.463281 0.017188 0.051562
3 0.514062 0.402344 0.015625 0.051562
3 0.478125 0.510937 0.040625 0.028125
2 0.478125 0.432031 0.053125 0.126562
2 0.267188 0.430469 0.087500 0.064062
17 0.614062 0.038281 0.065625 0.042188
2 0.530469 0.039062 0.101562 0.043750
2 0.257031 0.248437 0.232813 0.043750
5 0.169531 0.431250 0.054688 0.084375
5 0.269531 0.530469 0.139063 0.076563
5 0.368750 0.429688 0.053125 0.084375
13 0.173437 0.535156 0.040625 0.051562
13 0.370312 0.534375 0.040625 0.053125
9 0.790625 0.519531 0.053125 0.039062
7 0.685156 0.519531 0.051562 0.054688
2 0.746094 0.521094 0.185938 0.054688
3 0.203906 0.855469 0.032813 0.042188
7 0.499219 0.794531 0.042188 0.082812
3 0.724219 0.853125 0.029687 0.043750
2 0.373437 0.605469 0.081250 0.054688
16 0.938281 0.723438 0.067187 0.040625
