11 0.581250 0.205469 0.053125 0.264062
11 0.114844 0.400000 0.054688 0.159375
1 0.496875 0.061719 0.096875 0.020313
1 0.146875 0.061719 0.125000 0.020313
1 0.910937 0.284375 0.015625 0.356250
16 0.901563 0.892188 0.087500 0.046875
1 0.848438 0.707812 0.012500 0.228125
9 0.783594 0.875000 0.067187 0.068750
7 0.679688 0.875781 0.056250 0.073438
2 0.744531 0.875000 0.189062 0.084375
17 0.610156 0.891406 0.054688 0.048438
17 0.556250 0.892188 0.053125 0.046875
17 0.499219 0.892969 0.057813 0.048438
17 0.736719 0.539062 0.051562 0.084375
17 0.136719 0.521875 0.098437 0.050000
0 0.432031 0.200781 0.048438 0.079687
7 0.497656 0.113281 0.095312 0.076563
0 0.511719 0.296094 0.070312 0.110937
0 0.418750 0.416406 0.087500 0.129688
0 0.588281 0.418750 0.089063 0.125000
10 0.680469 0.546875 0.057813 0.100000
2 0.542187 0.740625 0.090625 0.137500
3 0.583594 0.806250 0.054688 0.084375
3 0.500000 0.806250 0.050000 0.081250
3 0.583594 0.675781 0.054688 0.082812
3 0.500000 0.675781 0.053125 0.082812
0 0.133594 0.710938 0.114062 0.168750
12 0.282031 0.509375 0.110937 0.018750
2 0.281250 0.520312 0.181250 0.050000
2 0.275000 0.701562 0.112500 0.075000
5 0.411719 0.794531 0.070312 0.239063
5 0.276563 0.861719 0.200000 0.107813
2 0.143750 0.856250 0.043750 0.087500
13 0.197656 0.109375 0.054688 0.071875
13 0.657031 0.105469 0.054688 0.067187
13 0.853125 0.106250 0.056250 0.062500
4 0.755469 0.205469 0.139063 0.264062
4 0.282813 0.205469 0.115625 0.260937
12 0.755469 0.474219 0.095312 0.014063
13 0.129687 0.197656 0.084375 0.245312
3 0.160156 0.224219 0.048438 0.064062
6 0.418750 0.282031 0.062500 0.064062
