1 0.089063 0.778906 0.009375 0.154688
1 0.175000 0.915625 0.040625 0.012500
1 0.565625 0.914844 0.062500 0.014063
1 0.821094 0.917188 0.039062 0.012500
1 0.858594 0.804688 0.010937 0.125000
1 0.721875 0.597656 0.009375 0.076563
1 0.722656 0.492969 0.010937 0.076563
1 0.131250 0.546875 0.012500 0.140625
1 0.132031 0.245313 0.010937 0.234375
16 0.883594 0.812500 0.023438 0.075000
16 0.885156 0.722656 0.023438 0.073438
17 0.764062 0.898438 0.046875 0.018750
17 0.814844 0.899219 0.054688 0.020313
17 0.382812 0.646875 0.081250 0.034375
7 0.747656 0.252344 0.045312 0.045312
7 0.535937 0.642969 0.056250 0.045312
9 0.809375 0.354688 0.037500 0.059375
13 0.178906 0.885938 0.048438 0.031250
13 0.335156 0.889063 0.057813 0.040625
13 0.337500 0.598438 0.084375 0.040625
0 0.398438 0.785938 0.050000 0.062500
0 0.400781 0.711719 0.064062 0.076563
0 0.400000 0.460938 0.065625 0.075000
0 0.573438 0.714062 0.065625 0.075000
0 0.592969 0.587500 0.054688 0.059375
0 0.656250 0.585156 0.025000 0.057813
4 0.253125 0.830469 0.103125 0.157812
4 0.195312 0.521094 0.103125 0.154688
4 0.788281 0.810156 0.101562 0.151562
17 0.716406 0.702344 0.017188 0.048438
11 0.402344 0.562500 0.039062 0.109375
11 0.217969 0.654687 0.079687 0.046875
5 0.130469 0.817969 0.064062 0.073438
2 0.135937 0.657031 0.081250 0.026562
11 0.301563 0.654687 0.081250 0.046875
17 0.196094 0.607812 0.107813 0.018750
13 0.271094 0.608594 0.045312 0.017188
3 0.271875 0.587500 0.028125 0.018750
3 0.341406 0.548438 0.042188 0.046875
8 0.566406 0.834375 0.060937 0.143750
7 0.425000 0.914062 0.103125 0.050000
0 0.490625 0.858594 0.025000 0.057813
15 0.507031 0.774219 0.042188 0.023438
15 0.682031 0.656250 0.067187 0.018750
2 0.752344 0.253125 0.151562 0.050000
2 0.809375 0.350781 0.037500 0.148438
11 0.789062 0.701562 0.125000 0.046875
16 0.764844 0.642188 0.060937 0.028125
0 0.757812 0.462500 0.059375 0.075000
10 0.703125 0.394531 0.046875 0.057813
3 0.607812 0.356250 0.025000 0.034375
3 0.608594 0.308594 0.023438 0.035937
3 0.607812 0.262500 0.025000 0.037500
3 0.528125 0.357031 0.025000 0.035937
3 0.527344 0.308594 0.026562 0.035937
3 0.525781 0.262500 0.026562 0.037500
2 0.567969 0.309375 0.054688 0.150000
0 0.688281 0.163281 0.076563 0.092188
12 0.284375 0.102344 0.078125 0.010937
2 0.325000 0.115625 0.353125 0.037500
2 0.607031 0.106250 0.210938 0.018750
2 0.288281 0.268750 0.107813 0.065625
2 0.395313 0.378125 0.043750 0.050000
2 0.178906 0.378125 0.045312 0.046875
5 0.175000 0.268750 0.059375 0.125000
5 0.287500 0.372656 0.162500 0.070312
5 0.396875 0.268750 0.040625 0.065625
6 0.450000 0.791406 0.031250 0.057813
6 0.611719 0.636719 0.032813 0.057813
2 0.673438 0.889063 0.131250 0.040625
3 0.653906 0.839062 0.039062 0.046875
3 0.567187 0.463281 0.040625 0.045312
5 0.671094 0.502344 0.060937 0.076563
2 0.584375 0.422656 0.165625 0.020313
