1 0.165625 0.235937 0.012500 0.228125
1 0.103906 0.520312 0.010937 0.162500
1 0.089063 0.830469 0.040625 0.054688
1 0.356250 0.939844 0.125000 0.014063
1 0.601562 0.877344 0.128125 0.014063
1 0.717969 0.503906 0.014063 0.070312
12 0.329688 0.100000 0.096875 0.012500
17 0.206250 0.101562 0.068750 0.037500
2 0.327344 0.102344 0.170313 0.039062
2 0.331250 0.247656 0.096875 0.070312
2 0.552344 0.272656 0.070312 0.148438
0 0.149219 0.717969 0.064062 0.076563
0 0.375781 0.639844 0.076563 0.082812
0 0.527344 0.603906 0.076563 0.079687
0 0.452344 0.722656 0.070312 0.085938
0 0.522656 0.513281 0.067187 0.070312
0 0.608594 0.524219 0.054688 0.060937
0 0.760156 0.453125 0.070312 0.087500
0 0.700781 0.365625 0.076563 0.078125
0 0.873437 0.174219 0.090625 0.101562
5 0.210156 0.256250 0.057813 0.137500
5 0.333594 0.358594 0.164062 0.067187
2 0.208594 0.360156 0.045312 0.048438
13 0.150000 0.421094 0.081250 0.039062
13 0.336719 0.422656 0.045312 0.035937
13 0.263281 0.906250 0.035937 0.050000
13 0.692969 0.653906 0.035937 0.079687
13 0.692969 0.851562 0.035937 0.037500
3 0.550000 0.189062 0.046875 0.031250
3 0.598437 0.238281 0.028125 0.054688
3 0.596094 0.304688 0.029687 0.053125
3 0.550781 0.351562 0.048438 0.031250
3 0.504687 0.303906 0.031250 0.054688
3 0.504687 0.238281 0.034375 0.054688
10 0.704688 0.285938 0.065625 0.062500
7 0.798438 0.281250 0.059375 0.053125
9 0.878906 0.364063 0.039062 0.065625
2 0.800781 0.285156 0.123438 0.054688
2 0.883594 0.332031 0.045312 0.151562
7 0.884375 0.476562 0.043750 0.065625
14 0.879687 0.544531 0.053125 0.060937
15 0.675781 0.429688 0.070312 0.021875
15 0.257812 0.711719 0.025000 0.045312
16 0.892188 0.635938 0.028125 0.081250
16 0.892188 0.717969 0.028125 0.079687
11 0.641406 0.589063 0.135937 0.050000
11 0.465625 0.853906 0.043750 0.157812
11 0.382031 0.496875 0.042188 0.187500
4 0.251563 0.487500 0.131250 0.175000
4 0.322656 0.818750 0.154688 0.143750
4 0.634375 0.762500 0.153125 0.146875
3 0.654687 0.654687 0.031250 0.040625
3 0.146875 0.460156 0.037500 0.035937
6 0.209375 0.814063 0.053125 0.037500
6 0.601562 0.448437 0.034375 0.062500
7 0.532031 0.446875 0.067187 0.050000
7 0.210938 0.729688 0.046875 0.078125
8 0.171875 0.899219 0.125000 0.067187
12 0.250781 0.673438 0.076563 0.012500
