16 0.264062 0.089063 0.075000 0.028125
16 0.340625 0.088281 0.078125 0.029687
15 0.423438 0.110937 0.062500 0.012500
1 0.547656 0.025000 0.051562 0.043750
1 0.936719 0.196875 0.014063 0.156250
1 0.853125 0.444531 0.012500 0.135937
1 0.809375 0.745313 0.009375 0.209375
1 0.217969 0.475000 0.007812 0.065625
1 0.311719 0.118750 0.135937 0.012500
9 0.103906 0.599219 0.042188 0.060937
7 0.177344 0.686719 0.064062 0.048438
2 0.102344 0.618750 0.051562 0.187500
2 0.171094 0.686719 0.089063 0.048438
10 0.250781 0.682813 0.067187 0.056250
14 0.104688 0.403125 0.056250 0.056250
7 0.099219 0.464844 0.048438 0.064062
7 0.417969 0.532031 0.070312 0.048438
7 0.490625 0.215625 0.050000 0.071875
0 0.174219 0.480469 0.073438 0.079687
0 0.336719 0.460156 0.060937 0.057813
0 0.428906 0.471094 0.070312 0.064062
0 0.423438 0.383594 0.081250 0.076563
0 0.503125 0.305469 0.075000 0.076563
0 0.564063 0.223438 0.065625 0.071875
0 0.585938 0.383594 0.081250 0.076563
0 0.285938 0.783594 0.100000 0.092188
15 0.264062 0.546875 0.075000 0.018750
6 0.343750 0.528906 0.043750 0.057813
6 0.492188 0.142187 0.059375 0.034375
8 0.532813 0.082812 0.137500 0.068750
13 0.246094 0.143750 0.039062 0.037500
13 0.245312 0.332031 0.037500 0.082812
13 0.635156 0.546875 0.067187 0.037500
13 0.822656 0.547656 0.048438 0.035937
2 0.828125 0.317188 0.203125 0.037500
13 0.685937 0.099219 0.050000 0.039062
13 0.863281 0.100781 0.048438 0.035937
12 0.782813 0.320312 0.087500 0.012500
12 0.652344 0.835938 0.104688 0.012500
2 0.651563 0.703906 0.084375 0.060937
2 0.674219 0.833594 0.257812 0.039062
2 0.410156 0.687500 0.067187 0.112500
3 0.410156 0.617969 0.039062 0.026562
3 0.457813 0.664062 0.028125 0.037500
3 0.457813 0.717187 0.028125 0.040625
3 0.410156 0.760156 0.039062 0.026562
3 0.364063 0.664062 0.028125 0.040625
3 0.362500 0.716406 0.028125 0.039062
0 0.253906 0.605469 0.079687 0.076563
11 0.634375 0.169531 0.046875 0.182812
11 0.577344 0.496094 0.045312 0.142187
11 0.300781 0.397656 0.151562 0.045312
5 0.637500 0.613281 0.184375 0.070312
5 0.767188 0.656250 0.075000 0.162500
3 0.282813 0.332031 0.031250 0.039062
3 0.889844 0.264844 0.045312 0.042188
4 0.776563 0.163281 0.143750 0.164062
4 0.734375 0.484375 0.140625 0.162500
4 0.308594 0.228125 0.164062 0.140625
