5 0.109375 0.356250 0.043750 0.118750
5 0.164844 0.444531 0.132812 0.054688
15 0.040625 0.444531 0.021875 0.042188
15 0.060156 0.059375 0.032813 0.084375
1 0.827344 0.568750 0.007812 0.034375
1 0.826562 0.611719 0.006250 0.032813
15 0.060937 0.853125 0.031250 0.021875
15 0.061719 0.946875 0.032813 0.050000
2 0.371094 0.733594 0.045312 0.139063
7 0.253125 0.682031 0.025000 0.029687
7 0.218750 0.727344 0.028125 0.114062
7 0.253125 0.773438 0.028125 0.031250
2 0.253125 0.727344 0.028125 0.167187
3 0.334375 0.682813 0.018750 0.025000
3 0.332813 0.717187 0.021875 0.025000
3 0.332813 0.748437 0.018750 0.025000
3 0.332813 0.782031 0.018750 0.026562
3 0.407031 0.680469 0.020313 0.023438
3 0.407031 0.716406 0.020313 0.023438
3 0.406250 0.746875 0.021875 0.021875
3 0.407031 0.781250 0.020313 0.025000
2 0.159375 0.357031 0.040625 0.098437
3 0.383594 0.278125 0.029687 0.062500
3 0.481250 0.278125 0.031250 0.062500
2 0.432812 0.284375 0.037500 0.037500
2 0.817187 0.323437 0.040625 0.040625
3 0.794531 0.301563 0.029687 0.028125
3 0.794531 0.345313 0.029687 0.031250
3 0.839063 0.346094 0.028125 0.026562
3 0.841406 0.299219 0.026562 0.026562
0 0.702344 0.612500 0.054688 0.059375
0 0.784375 0.553906 0.059375 0.048438
0 0.795312 0.656250 0.053125 0.056250
0 0.814063 0.858594 0.053125 0.048438
1 0.648438 0.934375 0.025000 0.031250
1 0.677344 0.934375 0.026562 0.031250
1 0.706250 0.935156 0.028125 0.032813
1 0.735156 0.935156 0.029687 0.032813
1 0.765625 0.935156 0.028125 0.032813
1 0.795312 0.935156 0.028125 0.032813
1 0.825000 0.934375 0.028125 0.031250
1 0.853125 0.935156 0.028125 0.032813
