4 0.196875 0.229687 0.165625 0.131250
4 0.520312 0.224219 0.165625 0.129688
4 0.170313 0.756250 0.112500 0.162500
1 0.075000 0.671875 0.046875 0.012500
1 0.074219 0.385156 0.048438 0.010937
1 0.244531 0.079687 0.214062 0.009375
1 0.538281 0.146094 0.170313 0.014063
1 0.813281 0.132812 0.217188 0.012500
1 0.179688 0.852344 0.134375 0.014063
16 0.191406 0.883594 0.079687 0.029687
11 0.375000 0.802344 0.050000 0.085938
11 0.486719 0.495312 0.101562 0.050000
11 0.399219 0.135156 0.051562 0.101562
11 0.400000 0.241406 0.053125 0.104688
17 0.409375 0.352344 0.034375 0.114062
17 0.410156 0.465625 0.029687 0.112500
17 0.931250 0.491406 0.031250 0.098437
17 0.936719 0.581250 0.020313 0.081250
17 0.936719 0.662500 0.020313 0.084375
17 0.931250 0.190625 0.028125 0.100000
12 0.939844 0.342187 0.014063 0.103125
2 0.928906 0.341406 0.035937 0.195312
2 0.790625 0.340625 0.068750 0.137500
2 0.669531 0.696875 0.117188 0.062500
2 0.739844 0.823438 0.132812 0.043750
2 0.588281 0.672656 0.042188 0.110937
16 0.507031 0.112500 0.079687 0.028125
13 0.291406 0.824219 0.117188 0.042188
13 0.455469 0.382812 0.042188 0.175000
13 0.133594 0.338281 0.042188 0.085938
13 0.133594 0.122656 0.039062 0.079687
3 0.170313 0.337500 0.028125 0.040625
3 0.499219 0.407813 0.045312 0.040625
0 0.271094 0.423438 0.070312 0.062500
0 0.269531 0.633594 0.067187 0.064062
0 0.361719 0.703125 0.079687 0.081250
0 0.515625 0.885938 0.081250 0.081250
0 0.874219 0.665625 0.092188 0.100000
0 0.583594 0.490625 0.079687 0.081250
8 0.086719 0.460938 0.070312 0.137500
7 0.250000 0.503125 0.090625 0.053125
7 0.259375 0.566406 0.071875 0.051562
9 0.440625 0.800000 0.046875 0.062500
7 0.440625 0.689063 0.046875 0.056250
2 0.439844 0.735938 0.054688 0.218750
10 0.588281 0.767188 0.064062 0.059375
3 0.646875 0.650000 0.040625 0.028125
3 0.699219 0.650781 0.039062 0.029687
3 0.647656 0.744531 0.039062 0.032813
3 0.697656 0.744531 0.039062 0.032813
2 0.671875 0.476562 0.053125 0.050000
2 0.671875 0.203125 0.053125 0.053125
5 0.790625 0.195312 0.137500 0.075000
5 0.677344 0.338281 0.076563 0.201563
5 0.789844 0.478125 0.073438 0.050000
3 0.295312 0.787500 0.040625 0.031250
0 0.164062 0.633594 0.034375 0.057813
6 0.186719 0.570312 0.042188 0.059375
6 0.165625 0.498437 0.046875 0.059375
15 0.118750 0.557031 0.037500 0.032813
