4 0.229687 0.803125 0.131250 0.165625
4 0.224219 0.479688 0.129688 0.165625
4 0.756250 0.829687 0.162500 0.112500
1 0.671875 0.925000 0.012500 0.046875
1 0.385156 0.925781 0.010937 0.048438
1 0.079687 0.755469 0.009375 0.214062
1 0.146094 0.461719 0.014063 0.170313
1 0.132812 0.186719 0.012500 0.217188
1 0.852344 0.820312 0.014063 0.134375
16 0.883594 0.808594 0.029687 0.079687
11 0.802344 0.625000 0.085938 0.050000
11 0.495312 0.513281 0.050000 0.101562
11 0.135156 0.600781 0.101562 0.051562
11 0.241406 0.600000 0.104688 0.053125
17 0.352344 0.590625 0.114062 0.034375
17 0.465625 0.589844 0.112500 0.029687
17 0.491406 0.068750 0.098437 0.031250
17 0.581250 0.063281 0.081250 0.020313
17 0.662500 0.063281 0.084375 0.020313
17 0.190625 0.068750 0.100000 0.028125
12 0.342187 0.060156 0.103125 0.014063
2 0.341406 0.071094 0.195312 0.035937
2 0.340625 0.209375 0.137500 0.068750
2 0.696875 0.330469 0.062500 0.117188
2 0.823438 0.260156 0.043750 0.132812
2 0.672656 0.411719 0.110937 0.042188
16 0.112500 0.492969 0.028125 0.079687
13 0.824219 0.708594 0.042188 0.117188
13 0.382812 0.544531 0.175000 0.042188
13 0.338281 0.866406 0.085938 0.042188
13 0.122656 0.866406 0.079687 0.039062
3 0.337500 0.829687 0.040625 0.028125
3 0.407813 0.500781 0.040625 0.045312
0 0.423438 0.728906 0.062500 0.070312
0 0.633594 0.730469 0.064062 0.067187
0 0.703125 0.638281 0.081250 0.079687
0 0.885938 0.484375 0.081250 0.081250
0 0.665625 0.125781 0.100000 0.092188
0 0.490625 0.416406 0.081250 0.079687
8 0.460938 0.913281 0.137500 0.070312
7 0.503125 0.750000 0.053125 0.090625
7 0.566406 0.740625 0.051562 0.071875
9 0.800000 0.559375 0.062500 0.046875
7 0.689063 0.559375 0.056250 0.046875
2 0.735938 0.560156 0.218750 0.054688
10 0.767188 0.411719 0.059375 0.064062
3 0.650000 0.353125 0.028125 0.040625
3 0.650781 0.300781 0.029687 0.039062
3 0.744531 0.352344 0.032813 0.039062
3 0.744531 0.302344 0.032813 0.039062
2 0.476562 0.328125 0.050000 0.053125
2 0.203125 0.328125 0.053125 0.053125
5 0.195312 0.209375 0.075000 0.137500
5 0.338281 0.322656 0.201563 0.076563
5 0.478125 0.210156 0.050000 0.073438
3 0.787500 0.704688 0.031250 0.040625
0 0.633594 0.835938 0.057813 0.034375
6 0.570312 0.813281 0.059375 0.042188
6 0.498437 0.834375 0.059375 0.046875
15 0.557031 0.881250 0.032813 0.037500
