1 0.811719 0.139063 0.135937 0.009375
1 0.696094 0.062500 0.064062 0.037500
1 0.821094 0.846094 0.110937 0.007812
1 0.361719 0.844531 0.114062 0.010937
1 0.431250 0.136719 0.243750 0.010937
8 0.653906 0.110156 0.148438 0.051562
0 0.703906 0.168750 0.070312 0.053125
0 0.700000 0.485156 0.081250 0.060937
0 0.778125 0.551562 0.068750 0.053125
0 0.783594 0.593750 0.060937 0.034375
0 0.699219 0.614844 0.082812 0.064062
0 0.121094 0.616406 0.101562 0.079687
0 0.440625 0.614844 0.081250 0.064062
0 0.603906 0.817969 0.082812 0.067187
11 0.605469 0.463281 0.051562 0.092188
11 0.607031 0.299219 0.054688 0.067187
11 0.306250 0.610156 0.162500 0.042188
6 0.683594 0.232813 0.042188 0.050000
6 0.877344 0.503906 0.045312 0.048438
15 0.891406 0.612500 0.026562 0.056250
11 0.829687 0.668750 0.175000 0.040625
13 0.896875 0.726562 0.040625 0.071875
13 0.247656 0.664062 0.039062 0.065625
13 0.245313 0.821875 0.040625 0.034375
12 0.606250 0.374219 0.009375 0.064062
12 0.246094 0.258594 0.010937 0.085938
7 0.607031 0.180469 0.054688 0.085938
15 0.604687 0.243750 0.050000 0.028125
13 0.899219 0.227344 0.045312 0.173437
13 0.900000 0.447656 0.040625 0.051562
4 0.828125 0.367188 0.181250 0.115625
4 0.828125 0.797656 0.178125 0.079687
4 0.317969 0.750000 0.182812 0.112500
3 0.289844 0.663281 0.039062 0.032813
3 0.463281 0.439844 0.054688 0.020313
3 0.400781 0.440625 0.054688 0.018750
3 0.355469 0.477344 0.026562 0.039062
3 0.463281 0.513281 0.051562 0.017188
3 0.402344 0.514062 0.051562 0.015625
3 0.510937 0.478125 0.028125 0.040625
2 0.432031 0.478125 0.126562 0.053125
2 0.430469 0.267188 0.064062 0.087500
17 0.038281 0.614062 0.042188 0.065625
2 0.039062 0.530469 0.043750 0.101562
2 0.248437 0.257031 0.043750 0.232813
5 0.431250 0.169531 0.084375 0.054688
5 0.530469 0.269531 0.076563 0.139063
5 0.429688 0.368750 0.084375 0.053125
13 0.535156 0.173437 0.051562 0.040625
13 0.534375 0.370312 0.053125 0.040625
9 0.519531 0.790625 0.039062 0.053125
7 0.519531 0.685156 0.054688 0.051562
2 0.521094 0.746094 0.054688 0.185938
3 0.855469 0.203906 0.042188 0.032813
7 0.794531 0.499219 0.082812 0.042188
3 0.853125 0.724219 0.043750 0.029687
2 0.605469 0.373437 0.054688 0.081250
16 0.723438 0.938281 0.040625 0.067187
