12 0.282813 0.833594 0.081250 0.014063
12 0.385937 0.424219 0.065625 0.007812
1 0.152344 0.622656 0.010937 0.279687
1 0.082031 0.320312 0.035937 0.071875
1 0.154688 0.189063 0.009375 0.156250
1 0.850000 0.184375 0.009375 0.128125
1 0.846094 0.707813 0.010937 0.128125
2 0.268750 0.830469 0.228125 0.048438
0 0.489844 0.813281 0.073438 0.120313
0 0.620313 0.615625 0.062500 0.093750
0 0.496094 0.320312 0.060937 0.090625
0 0.622656 0.319531 0.060937 0.092188
0 0.603125 0.225000 0.034375 0.075000
0 0.559375 0.232031 0.050000 0.076563
0 0.184375 0.311719 0.050000 0.076563
0 0.820312 0.431250 0.062500 0.096875
15 0.257031 0.426562 0.026562 0.056250
15 0.056250 0.814062 0.062500 0.075000
15 0.621094 0.102344 0.054688 0.029687
8 0.126562 0.368750 0.056250 0.168750
7 0.196094 0.423438 0.079687 0.062500
6 0.246875 0.335156 0.050000 0.048438
13 0.218750 0.091406 0.118750 0.048438
13 0.303906 0.092187 0.048438 0.046875
13 0.459375 0.094531 0.050000 0.048438
13 0.732031 0.097656 0.073438 0.045312
13 0.670312 0.835156 0.065625 0.045312
13 0.823438 0.836719 0.034375 0.048438
5 0.183594 0.622656 0.051562 0.151562
5 0.285156 0.507031 0.139063 0.079687
5 0.377344 0.639062 0.035937 0.112500
2 0.285156 0.637500 0.092188 0.075000
2 0.185938 0.505469 0.040625 0.060937
2 0.385156 0.426562 0.079687 0.062500
11 0.312500 0.425000 0.065625 0.062500
11 0.471875 0.425781 0.090625 0.060937
3 0.220312 0.140625 0.034375 0.050000
3 0.732031 0.146094 0.035937 0.048438
3 0.667188 0.785938 0.031250 0.046875
11 0.616406 0.765625 0.042188 0.184375
11 0.674219 0.173438 0.042188 0.200000
2 0.467969 0.538281 0.051562 0.139063
3 0.508594 0.567188 0.023438 0.046875
3 0.507031 0.504688 0.026562 0.050000
3 0.429688 0.566406 0.025000 0.048438
3 0.428125 0.501563 0.025000 0.050000
7 0.510938 0.212500 0.040625 0.096875
6 0.514062 0.117188 0.046875 0.050000
4 0.379688 0.171875 0.112500 0.206250
4 0.755469 0.756250 0.110937 0.206250
4 0.801562 0.175000 0.081250 0.203125
16 0.939844 0.295312 0.064062 0.050000
7 0.690625 0.526562 0.050000 0.059375
9 0.792969 0.525000 0.051562 0.046875
2 0.751563 0.528125 0.181250 0.062500
