1 0.197656 0.275781 0.010937 0.245312
1 0.197656 0.569531 0.010937 0.139063
1 0.620313 0.882812 0.103125 0.012500
1 0.768750 0.601562 0.009375 0.081250
0 0.819531 0.164844 0.085938 0.114062
5 0.236719 0.215625 0.054688 0.175000
5 0.356250 0.160938 0.178125 0.065625
5 0.489063 0.252344 0.065625 0.082812
2 0.350000 0.277344 0.084375 0.060937
12 0.352344 0.425000 0.085938 0.012500
2 0.351562 0.415625 0.193750 0.031250
2 0.663281 0.324219 0.054688 0.129688
2 0.709375 0.414062 0.109375 0.031250
16 0.914844 0.811719 0.023438 0.082812
0 0.807031 0.593750 0.067187 0.093750
0 0.464062 0.663281 0.068750 0.076563
0 0.535156 0.764062 0.051562 0.068750
0 0.596875 0.689063 0.068750 0.078125
3 0.620313 0.293750 0.028125 0.043750
3 0.707031 0.293750 0.026562 0.043750
3 0.619531 0.352344 0.029687 0.045312
3 0.706250 0.352344 0.025000 0.042188
17 0.888281 0.183594 0.023438 0.123438
17 0.406250 0.716406 0.031250 0.023438
17 0.439844 0.716406 0.032813 0.023438
17 0.474219 0.715625 0.032813 0.025000
0 0.320312 0.797656 0.034375 0.045312
0 0.231250 0.738281 0.053125 0.070312
0 0.597656 0.494531 0.067187 0.076563
13 0.483594 0.163281 0.035937 0.051562
10 0.874219 0.292969 0.051562 0.060937
7 0.878906 0.397656 0.039062 0.054688
9 0.878906 0.495312 0.035937 0.062500
2 0.877344 0.439844 0.045312 0.214062
13 0.664062 0.617969 0.021875 0.048438
13 0.611719 0.617969 0.079687 0.045312
13 0.622656 0.850781 0.104688 0.048438
13 0.404687 0.461719 0.043750 0.039062
13 0.252344 0.460938 0.042188 0.040625
4 0.327344 0.521875 0.104688 0.159375
4 0.718750 0.561719 0.087500 0.160938
4 0.717969 0.792188 0.085938 0.159375
7 0.535937 0.850000 0.053125 0.046875
7 0.254688 0.850781 0.087500 0.045312
6 0.357812 0.746875 0.050000 0.037500
6 0.480469 0.844531 0.032813 0.060937
0 0.437500 0.768750 0.034375 0.059375
11 0.469531 0.531250 0.042188 0.181250
11 0.610938 0.424219 0.081250 0.051562
11 0.706250 0.676562 0.109375 0.053125
1 0.478125 0.900781 0.046875 0.048438
1 0.120313 0.843750 0.043750 0.062500
8 0.173437 0.806250 0.053125 0.115625
3 0.610156 0.810937 0.032813 0.031250
1 0.184375 0.668750 0.037500 0.050000
3 0.612500 0.578125 0.031250 0.034375
