13 0.104688 0.159375 0.034375 0.090625
13 0.104688 0.359375 0.034375 0.115625
13 0.277344 0.806250 0.107813 0.034375
13 0.106250 0.806250 0.040625 0.034375
13 0.546875 0.633594 0.034375 0.107813
13 0.546875 0.800781 0.034375 0.042188
4 0.175000 0.761719 0.115625 0.126562
4 0.152344 0.255469 0.129688 0.114062
4 0.498437 0.732031 0.131250 0.104688
3 0.142187 0.375000 0.034375 0.031250
3 0.567187 0.263281 0.034375 0.035937
3 0.296094 0.769531 0.035937 0.035937
3 0.507031 0.620313 0.035937 0.031250
5 0.300000 0.146094 0.056250 0.057813
5 0.695312 0.044531 0.037500 0.039062
5 0.775000 0.042969 0.037500 0.035937
5 0.664062 0.299219 0.050000 0.176563
12 0.321094 0.253906 0.010937 0.039062
12 0.901563 0.299219 0.015625 0.092188
14 0.107813 0.855469 0.043750 0.042188
1 0.081250 0.722656 0.006250 0.110937
11 0.176563 0.592969 0.178125 0.039062
11 0.176563 0.435937 0.178125 0.037500
11 0.395313 0.435937 0.100000 0.034375
11 0.426563 0.365625 0.037500 0.106250
11 0.492188 0.561719 0.143750 0.039062
2 0.318750 0.255469 0.025000 0.114062
0 0.367969 0.283594 0.051562 0.057813
0 0.303125 0.433594 0.056250 0.064062
0 0.488281 0.432812 0.064062 0.062500
0 0.294531 0.566406 0.060937 0.064062
0 0.377344 0.566406 0.057813 0.064062
0 0.237500 0.489844 0.059375 0.051562
0 0.902344 0.824219 0.048438 0.039062
0 0.892969 0.872656 0.067187 0.054688
2 0.724219 0.791406 0.139063 0.045312
10 0.760156 0.904687 0.060937 0.046875
9 0.579688 0.910156 0.050000 0.035937
7 0.698438 0.910937 0.034375 0.034375
2 0.628125 0.910937 0.203125 0.037500
15 0.499219 0.912500 0.039062 0.015625
1 0.410938 0.829688 0.118750 0.009375
0 0.495312 0.862500 0.062500 0.059375
17 0.616406 0.339062 0.023438 0.046875
17 0.614844 0.387500 0.023438 0.046875
17 0.615625 0.433594 0.021875 0.045312
17 0.901563 0.492188 0.031250 0.053125
17 0.900781 0.543750 0.029687 0.050000
17 0.900781 0.690625 0.029687 0.050000
17 0.900781 0.742969 0.029687 0.054688
2 0.901563 0.617969 0.031250 0.095312
3 0.701562 0.754687 0.031250 0.034375
3 0.750781 0.751563 0.032813 0.037500
2 0.712500 0.613281 0.087500 0.085938
2 0.750000 0.298438 0.062500 0.059375
13 0.605469 0.263281 0.042188 0.104688
8 0.392969 0.139063 0.104688 0.053125
7 0.432812 0.242969 0.025000 0.035937
6 0.423438 0.278906 0.043750 0.026562
6 0.235156 0.542969 0.029687 0.042188
7 0.192969 0.550781 0.032813 0.026562
8 0.140625 0.514062 0.053125 0.100000
15 0.096094 0.544531 0.017188 0.042188
1 0.065625 0.489844 0.043750 0.051562
1 0.068750 0.184375 0.034375 0.040625
1 0.159375 0.094531 0.040625 0.032813
1 0.374219 0.091406 0.051562 0.042188
1 0.558594 0.108594 0.098437 0.010937
1 0.764062 0.108594 0.212500 0.010937
17 0.903125 0.130469 0.025000 0.035937
17 0.903906 0.166406 0.023438 0.035937
17 0.904687 0.201563 0.025000 0.031250
17 0.903906 0.405469 0.023438 0.039062
17 0.903906 0.445312 0.023438 0.040625
2 0.901563 0.285938 0.034375 0.275000
2 0.833594 0.914844 0.067187 0.029687
2 0.734375 0.042969 0.028125 0.029687
2 0.665625 0.184375 0.037500 0.037500
2 0.666406 0.415625 0.039062 0.037500
5 0.750000 0.177344 0.103125 0.048438
5 0.750781 0.421094 0.064062 0.048438
3 0.667188 0.571875 0.040625 0.040625
3 0.646875 0.614062 0.037500 0.028125
3 0.667969 0.655469 0.042188 0.039062
3 0.713281 0.674219 0.032813 0.032813
3 0.758594 0.657031 0.039062 0.042188
3 0.778906 0.611719 0.035937 0.032813
3 0.760938 0.569531 0.043750 0.039062
3 0.711719 0.550000 0.032813 0.034375
