12 0.534375 0.835156 0.118750 0.007812
2 0.539844 0.725000 0.120313 0.050000
17 0.245312 0.832031 0.075000 0.029687
17 0.320312 0.832813 0.071875 0.031250
2 0.507812 0.833594 0.296875 0.029687
5 0.370312 0.730469 0.075000 0.048438
5 0.575000 0.645313 0.306250 0.056250
5 0.684375 0.717969 0.078125 0.089063
2 0.375000 0.646875 0.059375 0.034375
13 0.462500 0.478125 0.109375 0.028125
13 0.700000 0.480469 0.056250 0.029687
13 0.417969 0.121094 0.135937 0.029687
13 0.688281 0.121094 0.085938 0.029687
17 0.118750 0.507031 0.081250 0.029687
17 0.204687 0.506250 0.087500 0.031250
0 0.130469 0.885938 0.104688 0.075000
0 0.207813 0.461719 0.075000 0.048438
0 0.292969 0.226562 0.092188 0.062500
0 0.382812 0.355469 0.087500 0.057813
0 0.384375 0.288281 0.087500 0.057813
2 0.143750 0.704688 0.131250 0.031250
3 0.115625 0.649219 0.050000 0.032813
3 0.180469 0.649219 0.054688 0.032813
3 0.116406 0.555469 0.048438 0.032813
3 0.180469 0.554688 0.054688 0.034375
2 0.148438 0.603125 0.143750 0.043750
1 0.735938 0.730469 0.015625 0.173437
1 0.735938 0.450000 0.015625 0.071875
1 0.737500 0.156250 0.012500 0.103125
1 0.277344 0.069531 0.123438 0.007812
11 0.157812 0.277344 0.159375 0.039062
11 0.607031 0.298438 0.245312 0.040625
11 0.377344 0.442187 0.060937 0.100000
3 0.458594 0.447656 0.045312 0.026562
3 0.415625 0.150000 0.046875 0.028125
7 0.482031 0.590625 0.085938 0.037500
9 0.656250 0.590625 0.071875 0.028125
2 0.583594 0.590625 0.289062 0.037500
0 0.696094 0.531250 0.092188 0.059375
8 0.820312 0.375781 0.159375 0.051562
15 0.925000 0.374219 0.025000 0.060937
6 0.865625 0.313281 0.068750 0.032813
7 0.871094 0.246875 0.057813 0.059375
1 0.909375 0.312500 0.015625 0.040625
0 0.767188 0.242969 0.071875 0.048438
4 0.566406 0.170312 0.164062 0.131250
4 0.176563 0.143750 0.193750 0.081250
4 0.595313 0.428906 0.162500 0.129688
13 0.100781 0.216406 0.045312 0.079687
13 0.102344 0.089844 0.045312 0.032813
3 0.146094 0.219531 0.039062 0.029687
16 0.161719 0.042969 0.098437 0.029687
0 0.206250 0.349219 0.065625 0.029687
15 0.108594 0.331250 0.023438 0.053125
6 0.110937 0.395312 0.071875 0.031250
7 0.107031 0.454688 0.060937 0.059375
1 0.383594 0.089844 0.060937 0.032813
