5 0.890625 0.356250 0.043750 0.118750
5 0.835156 0.444531 0.132812 0.054688
15 0.959375 0.444531 0.021875 0.042188
15 0.939844 0.059375 0.032813 0.084375
1 0.172656 0.568750 0.007812 0.034375
1 0.173438 0.611719 0.006250 0.032813
15 0.939063 0.853125 0.031250 0.021875
15 0.938281 0.946875 0.032813 0.050000
2 0.628906 0.733594 0.045312 0.139063
7 0.746875 0.682031 0.025000 0.029687
7 0.781250 0.727344 0.028125 0.114062
7 0.746875 0.773438 0.028125 0.031250
2 0.746875 0.727344 0.028125 0.167187
3 0.665625 0.682813 0.018750 0.025000
3 0.667187 0.717187 0.021875 0.025000
3 0.667187 0.748437 0.018750 0.025000
3 0.667187 0.782031 0.018750 0.026562
3 0.592969 0.680469 0.020313 0.023438
3 0.592969 0.716406 0.020313 0.023438
3 0.593750 0.746875 0.021875 0.021875
3 0.592969 0.781250 0.020313 0.025000
2 0.840625 0.357031 0.040625 0.098437
3 0.616406 0.278125 0.029687 0.062500
3 0.518750 0.278125 0.031250 0.062500
2 0.567188 0.284375 0.037500 0.037500
2 0.182813 0.323437 0.040625 0.040625
3 0.205469 0.301563 0.029687 0.028125
3 0.205469 0.345313 0.029687 0.031250
3 0.160937 0.346094 0.028125 0.026562
3 0.158594 0.299219 0.026562 0.026562
0 0.297656 0.612500 0.054688 0.059375
0 0.215625 0.553906 0.059375 0.048438
0 0.204688 0.656250 0.053125 0.056250
0 0.185937 0.858594 0.053125 0.048438
1 0.351562 0.934375 0.025000 0.031250
1 0.322656 0.934375 0.026562 0.031250
1 0.293750 0.935156 0.028125 0.032813
1 0.264844 0.935156 0.029687 0.032813
1 0.234375 0.935156 0.028125 0.032813
1 0.204688 0.935156 0.028125 0.032813
1 0.175000 0.934375 0.028125 0.031250
1 0.146875 0.935156 0.028125 0.032813
