12 0.471875 0.159375 0.121875 0.009375
2 0.478125 0.159375 0.312500 0.028125
17 0.693750 0.158594 0.115625 0.029687
0 0.828906 0.106250 0.110937 0.075000
2 0.827344 0.284375 0.151562 0.028125
2 0.831250 0.385156 0.146875 0.045312
3 0.796094 0.350781 0.048438 0.023438
3 0.864844 0.350781 0.048438 0.023438
3 0.796875 0.421094 0.046875 0.026562
3 0.864844 0.421875 0.048438 0.025000
17 0.775781 0.470313 0.089063 0.025000
17 0.861719 0.471094 0.082812 0.029687
0 0.768750 0.516406 0.078125 0.048438
0 0.776563 0.623437 0.071875 0.031250
0 0.683594 0.739062 0.092188 0.056250
0 0.593750 0.617969 0.087500 0.057813
0 0.593750 0.682031 0.090625 0.054688
0 0.589844 0.882812 0.076563 0.046875
0 0.267969 0.450000 0.095312 0.059375
1 0.226562 0.275000 0.015625 0.165625
1 0.228906 0.609375 0.014063 0.078125
9 0.310156 0.392969 0.076563 0.026562
7 0.485938 0.392188 0.071875 0.034375
2 0.384375 0.392188 0.296875 0.040625
13 0.268750 0.501563 0.065625 0.028125
5 0.278906 0.278906 0.089063 0.064062
5 0.400781 0.338281 0.329688 0.054688
2 0.439844 0.269531 0.126562 0.045312
5 0.607031 0.258594 0.060937 0.048438
2 0.605469 0.335156 0.051562 0.045312
7 0.872656 0.520312 0.060937 0.056250
6 0.867969 0.578906 0.070312 0.029687
15 0.873437 0.639844 0.028125 0.051562
11 0.824219 0.691406 0.160938 0.035937
11 0.595313 0.534375 0.062500 0.096875
11 0.353906 0.672656 0.232813 0.035937
13 0.882812 0.746094 0.043750 0.067187
13 0.883594 0.867188 0.045312 0.040625
3 0.836719 0.746875 0.042188 0.028125
4 0.806250 0.814844 0.196875 0.076563
4 0.382031 0.550000 0.170313 0.125000
4 0.371875 0.796875 0.171875 0.125000
1 0.230469 0.758594 0.017188 0.117188
13 0.264844 0.845313 0.051562 0.028125
13 0.496875 0.844531 0.090625 0.026562
3 0.496875 0.816406 0.046875 0.023438
8 0.367188 0.917969 0.084375 0.101562
15 0.303906 0.946094 0.026562 0.045312
6 0.473438 0.943750 0.050000 0.046875
7 0.582812 0.947656 0.093750 0.039062
13 0.512500 0.500000 0.103125 0.028125
1 0.705469 0.892969 0.123438 0.010937
16 0.825781 0.918750 0.098437 0.031250
3 0.513281 0.529687 0.045312 0.028125
