17 0.206250 0.810156 0.037500 0.048438
17 0.204687 0.557812 0.037500 0.050000
12 0.206250 0.684375 0.012500 0.090625
2 0.205469 0.683594 0.035937 0.201563
2 0.356250 0.685937 0.065625 0.096875
2 0.344531 0.433594 0.110937 0.060937
12 0.525000 0.743750 0.009375 0.071875
2 0.520312 0.749219 0.050000 0.170313
11 0.519531 0.543750 0.045312 0.237500
11 0.668750 0.477344 0.046875 0.126562
11 0.585938 0.166406 0.046875 0.157812
4 0.697656 0.735156 0.160938 0.126562
13 0.760156 0.814062 0.035937 0.037500
13 0.759375 0.641406 0.037500 0.064062
13 0.726562 0.524219 0.062500 0.035937
13 0.903125 0.523438 0.031250 0.031250
13 0.878125 0.103906 0.081250 0.035937
13 0.661719 0.104688 0.098437 0.034375
13 0.460156 0.573437 0.045312 0.043750
13 0.460938 0.797656 0.046875 0.045312
1 0.365625 0.839062 0.215625 0.009375
1 0.633594 0.839062 0.148438 0.012500
1 0.851562 0.836719 0.100000 0.010937
1 0.926562 0.467187 0.012500 0.115625
1 0.925781 0.209375 0.014063 0.115625
1 0.507812 0.133594 0.065625 0.010937
6 0.510156 0.167188 0.039062 0.053125
6 0.891406 0.659375 0.057813 0.037500
5 0.456250 0.682031 0.062500 0.154688
5 0.367188 0.799219 0.118750 0.057813
5 0.362500 0.571094 0.084375 0.076563
3 0.317969 0.473437 0.045312 0.021875
3 0.371875 0.473437 0.046875 0.018750
3 0.412500 0.433594 0.021875 0.045312
3 0.371094 0.392188 0.048438 0.021875
3 0.317188 0.391406 0.046875 0.023438
3 0.276562 0.432031 0.021875 0.045312
0 0.136719 0.459375 0.092188 0.084375
0 0.292969 0.163281 0.073438 0.070312
0 0.522656 0.310937 0.060937 0.056250
0 0.453125 0.228125 0.040625 0.050000
0 0.599219 0.305469 0.070312 0.067187
0 0.672656 0.375781 0.073438 0.067187
0 0.598437 0.449219 0.075000 0.067187
0 0.808594 0.578125 0.057813 0.056250
0 0.815625 0.720313 0.053125 0.037500
15 0.910937 0.736719 0.018750 0.057813
15 0.432031 0.149219 0.067187 0.020313
15 0.226562 0.107812 0.034375 0.040625
17 0.210156 0.241406 0.048438 0.045312
2 0.203125 0.178125 0.037500 0.075000
16 0.610938 0.046094 0.078125 0.035937
7 0.423438 0.294531 0.046875 0.076563
7 0.366406 0.302344 0.048438 0.060937
9 0.364844 0.192969 0.035937 0.057813
2 0.365625 0.237500 0.050000 0.193750
4 0.774219 0.161719 0.139063 0.151562
4 0.821875 0.465625 0.134375 0.146875
3 0.720313 0.640625 0.037500 0.034375
3 0.657813 0.142188 0.037500 0.034375
3 0.725000 0.489062 0.037500 0.034375
8 0.853906 0.800781 0.132812 0.060937
7 0.896094 0.583594 0.048438 0.070312
