12 0.835156 0.534375 0.007812 0.118750
2 0.725000 0.539844 0.050000 0.120313
17 0.832031 0.245312 0.029687 0.075000
17 0.832813 0.320312 0.031250 0.071875
2 0.833594 0.507812 0.029687 0.296875
5 0.730469 0.370312 0.048438 0.075000
5 0.645313 0.575000 0.056250 0.306250
5 0.717969 0.684375 0.089063 0.078125
2 0.646875 0.375000 0.034375 0.059375
13 0.478125 0.462500 0.028125 0.109375
13 0.480469 0.700000 0.029687 0.056250
13 0.121094 0.417969 0.029687 0.135937
13 0.121094 0.688281 0.029687 0.085938
17 0.507031 0.118750 0.029687 0.081250
17 0.506250 0.204687 0.031250 0.087500
0 0.885938 0.130469 0.075000 0.104688
0 0.461719 0.207813 0.048438 0.075000
0 0.226562 0.292969 0.062500 0.092188
0 0.355469 0.382812 0.057813 0.087500
0 0.288281 0.384375 0.057813 0.087500
2 0.704688 0.143750 0.031250 0.131250
3 0.649219 0.115625 0.032813 0.050000
3 0.649219 0.180469 0.032813 0.054688
3 0.555469 0.116406 0.032813 0.048438
3 0.554688 0.180469 0.034375 0.054688
2 0.603125 0.148438 0.043750 0.143750
1 0.730469 0.735938 0.173437 0.015625
1 0.450000 0.735938 0.071875 0.015625
1 0.156250 0.737500 0.103125 0.012500
1 0.069531 0.277344 0.007812 0.123438
11 0.277344 0.157812 0.039062 0.159375
11 0.298438 0.607031 0.040625 0.245312
11 0.442187 0.377344 0.100000 0.060937
3 0.447656 0.458594 0.026562 0.045312
3 0.150000 0.415625 0.028125 0.046875
7 0.590625 0.482031 0.037500 0.085938
9 0.590625 0.656250 0.028125 0.071875
2 0.590625 0.583594 0.037500 0.289062
0 0.531250 0.696094 0.059375 0.092188
8 0.375781 0.820312 0.051562 0.159375
15 0.374219 0.925000 0.060937 0.025000
6 0.313281 0.865625 0.032813 0.068750
7 0.246875 0.871094 0.059375 0.057813
1 0.312500 0.909375 0.040625 0.015625
0 0.242969 0.767188 0.048438 0.071875
4 0.170312 0.566406 0.131250 0.164062
4 0.143750 0.176563 0.081250 0.193750
4 0.428906 0.595313 0.129688 0.162500
13 0.216406 0.100781 0.079687 0.045312
13 0.089844 0.102344 0.032813 0.045312
3 0.219531 0.146094 0.029687 0.039062
16 0.042969 0.161719 0.029687 0.098437
0 0.349219 0.206250 0.029687 0.065625
15 0.331250 0.108594 0.053125 0.023438
6 0.395312 0.110937 0.031250 0.071875
7 0.454688 0.107031 0.059375 0.060937
1 0.089844 0.383594 0.032813 0.060937
