0 0.357031 0.893750 0.095312 0.096875
0 0.530469 0.596094 0.076563 0.082812
0 0.317969 0.365625 0.079687 0.081250
0 0.139844 0.515625 0.079687 0.081250
0 0.389844 0.270312 0.064062 0.071875
0 0.528906 0.348437 0.076563 0.078125
0 0.593750 0.269531 0.062500 0.070312
17 0.196094 0.746875 0.029687 0.128125
10 0.255469 0.586719 0.057813 0.070312
2 0.349219 0.590625 0.104688 0.040625
2 0.325781 0.671875 0.060937 0.118750
3 0.371094 0.700781 0.029687 0.039062
3 0.371094 0.649219 0.029687 0.039062
3 0.279687 0.701562 0.028125 0.040625
3 0.279687 0.650000 0.031250 0.040625
3 0.240625 0.354688 0.031250 0.043750
13 0.202344 0.357031 0.045312 0.095312
13 0.205469 0.289844 0.035937 0.039062
13 0.683594 0.145312 0.095312 0.046875
13 0.888281 0.156250 0.045312 0.037500
13 0.636719 0.458594 0.173437 0.042188
11 0.524219 0.485156 0.051562 0.098437
17 0.516406 0.406250 0.032813 0.037500
7 0.454688 0.258594 0.050000 0.073438
7 0.516406 0.242969 0.051562 0.104688
2 0.248438 0.106250 0.053125 0.056250
1 0.248438 0.071875 0.053125 0.012500
1 0.400000 0.071094 0.087500 0.014063
1 0.632031 0.065625 0.010937 0.075000
1 0.677344 0.110156 0.051562 0.014063
1 0.932813 0.246094 0.006250 0.220312
1 0.865625 0.548438 0.009375 0.175000
1 0.878125 0.828125 0.012500 0.218750
9 0.229687 0.441406 0.062500 0.048438
7 0.335938 0.443750 0.056250 0.056250
2 0.289062 0.442187 0.215625 0.053125
16 0.146094 0.192187 0.026562 0.084375
4 0.264062 0.205469 0.153125 0.132812
4 0.791406 0.527344 0.123438 0.167187
4 0.796875 0.223437 0.131250 0.165625
3 0.689063 0.192187 0.037500 0.046875
3 0.620313 0.514844 0.050000 0.054688
16 0.900000 0.517188 0.028125 0.081250
11 0.742969 0.398438 0.110937 0.050000
11 0.853906 0.396875 0.110937 0.053125
11 0.310937 0.107812 0.071875 0.053125
12 0.690625 0.956250 0.103125 0.015625
2 0.681250 0.953125 0.378125 0.021875
17 0.405469 0.953125 0.173437 0.021875
2 0.696875 0.801563 0.078125 0.081250
17 0.672656 0.407031 0.032813 0.035937
2 0.592969 0.408594 0.120313 0.032813
6 0.521875 0.150000 0.059375 0.050000
6 0.451562 0.183594 0.059375 0.042188
15 0.467187 0.112500 0.025000 0.050000
8 0.556250 0.070312 0.131250 0.081250
1 0.175000 0.179688 0.015625 0.137500
17 0.206250 0.123437 0.037500 0.021875
5 0.549219 0.778906 0.079687 0.085938
2 0.557813 0.690625 0.050000 0.053125
5 0.692187 0.696875 0.200000 0.075000
5 0.829688 0.742188 0.071875 0.165625
17 0.918750 0.403906 0.018750 0.042188
