16 0.071875 0.865625 0.025000 0.087500
9 0.109375 0.521094 0.037500 0.067187
7 0.108594 0.413281 0.035937 0.060937
10 0.113281 0.303125 0.051562 0.065625
0 0.181250 0.628906 0.068750 0.098437
0 0.395313 0.496094 0.068750 0.085938
0 0.396094 0.733594 0.070312 0.082812
0 0.460156 0.813281 0.051562 0.073438
0 0.532031 0.704688 0.070312 0.084375
0 0.681250 0.849219 0.037500 0.051562
0 0.771094 0.785156 0.051562 0.073438
0 0.169531 0.164062 0.092188 0.125000
1 0.221875 0.830469 0.009375 0.135937
1 0.219531 0.638281 0.010937 0.089063
1 0.679688 0.753906 0.128125 0.007812
2 0.108594 0.464063 0.045312 0.231250
17 0.228906 0.379687 0.026562 0.062500
17 0.293750 0.132812 0.043750 0.031250
17 0.338281 0.132812 0.045312 0.031250
17 0.383594 0.133594 0.042188 0.029687
0 0.561719 0.819531 0.035937 0.060937
6 0.514844 0.901563 0.035937 0.062500
7 0.458594 0.907812 0.054688 0.050000
11 0.400781 0.862500 0.042188 0.140625
11 0.527344 0.559375 0.045312 0.190625
11 0.400781 0.616406 0.042188 0.129688
17 0.100781 0.182813 0.026562 0.134375
2 0.341406 0.312500 0.089063 0.112500
3 0.314063 0.373437 0.043750 0.053125
3 0.284375 0.312500 0.025000 0.050000
3 0.314844 0.251563 0.045312 0.050000
3 0.371094 0.250000 0.045312 0.050000
3 0.399219 0.311719 0.023438 0.048438
3 0.371875 0.377344 0.040625 0.045312
5 0.507031 0.256250 0.067187 0.087500
13 0.511719 0.159375 0.035937 0.056250
5 0.629687 0.170312 0.187500 0.093750
5 0.757812 0.208594 0.068750 0.170313
2 0.649219 0.281250 0.085938 0.065625
12 0.647656 0.445312 0.085938 0.015625
2 0.648438 0.434375 0.196875 0.037500
1 0.804688 0.260156 0.012500 0.264062
1 0.804688 0.606250 0.012500 0.150000
13 0.348438 0.910156 0.059375 0.045312
13 0.594531 0.485156 0.045312 0.042188
13 0.750000 0.484375 0.043750 0.040625
13 0.245312 0.486719 0.040625 0.129688
4 0.270313 0.846094 0.090625 0.173437
4 0.292969 0.622656 0.135937 0.117188
3 0.347656 0.867969 0.032813 0.035937
3 0.280469 0.485938 0.026562 0.040625
6 0.642969 0.796094 0.051562 0.042188
7 0.744531 0.908594 0.089063 0.048438
8 0.829688 0.858594 0.056250 0.126562
1 0.882812 0.866406 0.046875 0.064062
4 0.672656 0.550781 0.110937 0.173437
