15 0.875781 0.478906 0.048438 0.017188
2 0.297656 0.385156 0.035937 0.135937
17 0.297656 0.282813 0.035937 0.068750
17 0.297656 0.215625 0.035937 0.068750
15 0.113281 0.487500 0.020313 0.056250
13 0.120313 0.829688 0.034375 0.037500
13 0.120313 0.668750 0.034375 0.068750
13 0.584375 0.603125 0.043750 0.037500
13 0.583594 0.814063 0.045312 0.037500
13 0.886719 0.660156 0.035937 0.054688
13 0.885156 0.823438 0.032813 0.056250
13 0.710156 0.273438 0.076563 0.031250
13 0.889062 0.274219 0.031250 0.029687
7 0.457031 0.339062 0.048438 0.050000
9 0.457813 0.234375 0.034375 0.053125
2 0.457031 0.277344 0.048438 0.185938
0 0.592187 0.216406 0.071875 0.064062
16 0.841406 0.055469 0.073438 0.032813
4 0.812500 0.326562 0.131250 0.134375
4 0.825000 0.741406 0.153125 0.114062
4 0.179688 0.756250 0.153125 0.115625
3 0.154688 0.669531 0.031250 0.032813
3 0.707812 0.303125 0.034375 0.031250
3 0.675000 0.814063 0.034375 0.034375
2 0.721875 0.610938 0.050000 0.043750
11 0.826562 0.611719 0.156250 0.042188
11 0.649219 0.324219 0.048438 0.132812
11 0.170313 0.613281 0.134375 0.042188
6 0.130469 0.551562 0.054688 0.031250
6 0.811719 0.495312 0.039062 0.050000
10 0.596875 0.282813 0.037500 0.053125
7 0.279687 0.480469 0.071875 0.039062
7 0.741406 0.491406 0.070312 0.042188
0 0.864844 0.560937 0.039062 0.043750
0 0.727344 0.553906 0.057813 0.054688
0 0.651563 0.431250 0.071875 0.062500
0 0.650781 0.501563 0.070312 0.062500
0 0.280469 0.616406 0.070312 0.064062
0 0.215625 0.559375 0.059375 0.050000
0 0.210938 0.504687 0.050000 0.034375
1 0.173437 0.854688 0.143750 0.012500
1 0.469531 0.854688 0.198437 0.009375
1 0.764844 0.856250 0.142187 0.009375
0 0.367969 0.212500 0.085938 0.081250
2 0.485156 0.477344 0.107813 0.057813
3 0.458594 0.432031 0.045312 0.026562
3 0.510156 0.435156 0.035937 0.026562
3 0.553906 0.479687 0.029687 0.034375
3 0.417187 0.477344 0.025000 0.029687
3 0.463281 0.520312 0.035937 0.028125
3 0.509375 0.520312 0.037500 0.028125
12 0.340625 0.710938 0.012500 0.084375
12 0.636719 0.740625 0.007812 0.065625
2 0.342969 0.710156 0.039062 0.279687
2 0.640625 0.762500 0.037500 0.175000
1 0.911719 0.368750 0.010937 0.103125
1 0.986719 0.534375 0.026562 0.043750
8 0.941406 0.527344 0.064062 0.110937
5 0.482812 0.600781 0.128125 0.051562
5 0.583594 0.708594 0.060937 0.145313
5 0.485156 0.816406 0.123438 0.057813
2 0.475000 0.707812 0.071875 0.062500
