1 0.872656 0.136719 0.045312 0.064062
1 0.518750 0.076563 0.046875 0.053125
1 0.795313 0.735156 0.012500 0.254688
1 0.797656 0.398438 0.010937 0.203125
1 0.676563 0.280469 0.125000 0.010937
1 0.229688 0.392188 0.012500 0.084375
16 0.085938 0.171094 0.025000 0.089063
0 0.190625 0.401562 0.065625 0.096875
0 0.400000 0.505469 0.068750 0.076563
0 0.399219 0.299219 0.067187 0.079687
0 0.460938 0.221875 0.053125 0.075000
0 0.533594 0.327344 0.067187 0.082812
0 0.560156 0.215625 0.035937 0.065625
0 0.677344 0.189844 0.035937 0.048438
0 0.766406 0.249219 0.051562 0.073438
0 0.178125 0.853125 0.087500 0.118750
8 0.821094 0.177344 0.054688 0.126562
10 0.126563 0.717969 0.053125 0.064062
1 0.375781 0.097656 0.101562 0.017188
9 0.121094 0.503906 0.039062 0.064062
7 0.119531 0.610156 0.039062 0.057813
2 0.120313 0.563281 0.040625 0.223438
11 0.290625 0.313281 0.112500 0.051562
11 0.385938 0.578906 0.081250 0.051562
11 0.528906 0.466406 0.042188 0.185938
13 0.375000 0.131250 0.103125 0.046875
13 0.373437 0.373437 0.106250 0.050000
13 0.742969 0.540625 0.045312 0.040625
13 0.591406 0.540625 0.042188 0.040625
13 0.512500 0.856250 0.034375 0.053125
2 0.646094 0.737500 0.085938 0.062500
2 0.644531 0.588281 0.189062 0.035937
2 0.333594 0.685156 0.054688 0.139063
2 0.289844 0.589063 0.110937 0.034375
5 0.757812 0.800781 0.056250 0.185938
5 0.639062 0.857812 0.178125 0.071875
5 0.507031 0.761719 0.064062 0.085938
6 0.515625 0.136719 0.031250 0.060937
6 0.638281 0.238281 0.048438 0.042188
7 0.460938 0.131250 0.053125 0.050000
7 0.740625 0.128906 0.087500 0.045312
17 0.589844 0.272656 0.032813 0.026562
17 0.555469 0.271094 0.032813 0.029687
17 0.521875 0.271875 0.031250 0.028125
17 0.112500 0.834375 0.025000 0.128125
3 0.376563 0.656250 0.028125 0.043750
3 0.376563 0.715625 0.028125 0.043750
3 0.291406 0.655469 0.026562 0.045312
3 0.292188 0.715625 0.028125 0.043750
12 0.643750 0.579688 0.084375 0.015625
3 0.385156 0.417969 0.032813 0.032813
3 0.388281 0.171094 0.032813 0.035937
4 0.279687 0.190625 0.087500 0.168750
4 0.277344 0.435156 0.085938 0.170313
4 0.666406 0.475000 0.107813 0.168750
