13 0.782812 0.279687 0.037500 0.112500
13 0.783594 0.103906 0.035937 0.039062
13 0.653906 0.554688 0.089063 0.037500
13 0.382812 0.104688 0.100000 0.037500
13 0.182813 0.103125 0.090625 0.034375
12 0.366406 0.919531 0.098437 0.017188
12 0.325781 0.325000 0.045312 0.012500
11 0.454688 0.175781 0.040625 0.185938
11 0.454688 0.399219 0.040625 0.101562
11 0.394531 0.432031 0.079687 0.039062
11 0.589844 0.500000 0.039062 0.146875
11 0.621875 0.178125 0.040625 0.184375
7 0.923437 0.711719 0.040625 0.035937
9 0.924219 0.588281 0.039062 0.054688
2 0.922656 0.637500 0.042188 0.206250
10 0.917188 0.772656 0.056250 0.064062
2 0.917969 0.848437 0.048438 0.068750
2 0.653906 0.870313 0.032813 0.118750
0 0.852344 0.908594 0.060937 0.070312
0 0.802344 0.918750 0.035937 0.053125
0 0.450000 0.495312 0.065625 0.065625
0 0.592969 0.382031 0.064062 0.060937
0 0.450781 0.305469 0.067187 0.057813
0 0.592969 0.300000 0.064062 0.059375
0 0.509375 0.238281 0.056250 0.060937
0 0.324219 0.371875 0.060937 0.053125
17 0.444531 0.625781 0.060937 0.026562
17 0.382812 0.625781 0.059375 0.023438
17 0.234375 0.920312 0.037500 0.025000
17 0.196094 0.920312 0.035937 0.025000
17 0.157813 0.920312 0.034375 0.025000
17 0.801563 0.595313 0.068750 0.028125
17 0.595313 0.594531 0.068750 0.026562
2 0.697656 0.594531 0.135937 0.026562
2 0.698437 0.687500 0.150000 0.056250
3 0.741406 0.646094 0.032813 0.029687
3 0.697656 0.646094 0.029687 0.029687
3 0.655469 0.645312 0.032813 0.034375
3 0.610156 0.689063 0.026562 0.031250
3 0.655469 0.732812 0.029687 0.031250
3 0.699219 0.732812 0.029687 0.028125
3 0.742188 0.732812 0.031250 0.031250
3 0.786719 0.685937 0.026562 0.034375
15 0.819531 0.553906 0.017188 0.039062
0 0.867188 0.502344 0.059375 0.067187
1 0.807031 0.417187 0.007812 0.121875
14 0.835156 0.109375 0.042188 0.043750
4 0.732812 0.176563 0.137500 0.118750
3 0.744531 0.299219 0.035937 0.032813
4 0.746094 0.504687 0.107813 0.134375
3 0.652344 0.515625 0.035937 0.037500
7 0.579688 0.193750 0.028125 0.037500
15 0.570312 0.095312 0.043750 0.018750
1 0.512500 0.063281 0.046875 0.045312
1 0.215625 0.064844 0.043750 0.035937
1 0.121094 0.160156 0.035937 0.042188
1 0.117188 0.378906 0.046875 0.051562
1 0.134375 0.565625 0.009375 0.103125
1 0.132812 0.777344 0.009375 0.223438
2 0.201562 0.677344 0.037500 0.035937
2 0.450000 0.676562 0.037500 0.037500
5 0.326562 0.675000 0.187500 0.053125
5 0.453125 0.758594 0.053125 0.104688
5 0.200781 0.762500 0.054688 0.065625
2 0.326562 0.764062 0.065625 0.065625
17 0.450781 0.920312 0.045312 0.025000
2 0.321094 0.917188 0.292187 0.034375
5 0.068750 0.689844 0.043750 0.042188
5 0.067969 0.767969 0.039062 0.042188
2 0.065625 0.728906 0.028125 0.029687
8 0.167188 0.397656 0.053125 0.107813
6 0.318750 0.429688 0.028125 0.046875
7 0.275781 0.438281 0.035937 0.026562
3 0.294531 0.578125 0.035937 0.034375
2 0.296875 0.614062 0.112500 0.043750
5 0.164062 0.266406 0.043750 0.048438
2 0.164844 0.313281 0.035937 0.035937
2 0.283594 0.321875 0.120313 0.028125
4 0.281250 0.153906 0.115625 0.135937
3 0.397656 0.142969 0.035937 0.039062
6 0.568750 0.235937 0.046875 0.031250
8 0.538281 0.140625 0.107813 0.056250
1 0.693750 0.080469 0.121875 0.010937
