17 0.810156 0.206250 0.048438 0.037500
17 0.557812 0.204687 0.050000 0.037500
12 0.684375 0.206250 0.090625 0.012500
2 0.683594 0.205469 0.201563 0.035937
2 0.685937 0.356250 0.096875 0.065625
2 0.433594 0.344531 0.060937 0.110937
12 0.743750 0.525000 0.071875 0.009375
2 0.749219 0.520312 0.170313 0.050000
11 0.543750 0.519531 0.237500 0.045312
11 0.477344 0.668750 0.126562 0.046875
11 0.166406 0.585938 0.157812 0.046875
4 0.735156 0.697656 0.126562 0.160938
13 0.814062 0.760156 0.037500 0.035937
13 0.641406 0.759375 0.064062 0.037500
13 0.524219 0.726562 0.035937 0.062500
13 0.523438 0.903125 0.031250 0.031250
13 0.103906 0.878125 0.035937 0.081250
13 0.104688 0.661719 0.034375 0.098437
13 0.573437 0.460156 0.043750 0.045312
13 0.797656 0.460938 0.045312 0.046875
1 0.839062 0.365625 0.009375 0.215625
1 0.839062 0.633594 0.012500 0.148438
1 0.836719 0.851562 0.010937 0.100000
1 0.467187 0.926562 0.115625 0.012500
1 0.209375 0.925781 0.115625 0.014063
1 0.133594 0.507812 0.010937 0.065625
6 0.167188 0.510156 0.053125 0.039062
6 0.659375 0.891406 0.037500 0.057813
5 0.682031 0.456250 0.154688 0.062500
5 0.799219 0.367188 0.057813 0.118750
5 0.571094 0.362500 0.076563 0.084375
3 0.473437 0.317969 0.021875 0.045312
3 0.473437 0.371875 0.018750 0.046875
3 0.433594 0.412500 0.045312 0.021875
3 0.392188 0.371094 0.021875 0.048438
3 0.391406 0.317188 0.023438 0.046875
3 0.432031 0.276562 0.045312 0.021875
0 0.459375 0.136719 0.084375 0.092188
0 0.163281 0.292969 0.070312 0.073438
0 0.310937 0.522656 0.056250 0.060937
0 0.228125 0.453125 0.050000 0.040625
0 0.305469 0.599219 0.067187 0.070312
0 0.375781 0.672656 0.067187 0.073438
0 0.449219 0.598437 0.067187 0.075000
0 0.578125 0.808594 0.056250 0.057813
0 0.720313 0.815625 0.037500 0.053125
15 0.736719 0.910937 0.057813 0.018750
15 0.149219 0.432031 0.020313 0.067187
15 0.107812 0.226562 0.040625 0.034375
17 0.241406 0.210156 0.045312 0.048438
2 0.178125 0.203125 0.075000 0.037500
16 0.046094 0.610938 0.035937 0.078125
7 0.294531 0.423438 0.076563 0.046875
7 0.302344 0.366406 0.060937 0.048438
9 0.192969 0.364844 0.057813 0.035937
2 0.237500 0.365625 0.193750 0.050000
4 0.161719 0.774219 0.151562 0.139063
4 0.465625 0.821875 0.146875 0.134375
3 0.640625 0.720313 0.034375 0.037500
3 0.142188 0.657813 0.034375 0.037500
3 0.489062 0.725000 0.034375 0.037500
8 0.800781 0.853906 0.060937 0.132812
7 0.583594 0.896094 0.070312 0.048438
