15 0.344531 0.767187 0.054688 0.015625
17 0.207031 0.760937 0.054688 0.028125
17 0.258594 0.760937 0.048438 0.028125
2 0.294531 0.721094 0.029687 0.107813
0 0.209375 0.702344 0.075000 0.070312
0 0.361719 0.696875 0.032813 0.043750
0 0.480469 0.699219 0.048438 0.048438
0 0.535937 0.762500 0.059375 0.059375
0 0.742969 0.658594 0.060937 0.057813
0 0.596875 0.549219 0.059375 0.057813
0 0.538281 0.453125 0.057813 0.056250
0 0.335156 0.450000 0.057813 0.056250
7 0.604688 0.604687 0.046875 0.037500
9 0.719531 0.606250 0.048438 0.028125
2 0.399219 0.569531 0.117188 0.057813
12 0.503906 0.220313 0.007812 0.062500
12 0.286719 0.336719 0.007812 0.076563
2 0.283594 0.329688 0.029687 0.300000
13 0.465625 0.312500 0.028125 0.071875
13 0.467187 0.149219 0.031250 0.051562
13 0.694531 0.311719 0.029687 0.070312
13 0.696094 0.149219 0.029687 0.048438
13 0.649219 0.425781 0.067187 0.029687
13 0.803906 0.425781 0.035937 0.029687
13 0.542188 0.905469 0.112500 0.029687
13 0.734375 0.906250 0.059375 0.031250
2 0.063281 0.475781 0.039062 0.039062
2 0.066406 0.214063 0.035937 0.040625
5 0.062500 0.348437 0.053125 0.193750
5 0.150781 0.212500 0.114062 0.050000
5 0.146875 0.476562 0.062500 0.062500
2 0.156250 0.348437 0.065625 0.134375
1 0.180469 0.172656 0.176563 0.007812
1 0.414844 0.118750 0.101562 0.009375
1 0.594531 0.118750 0.120313 0.009375
1 0.839063 0.200781 0.031250 0.039062
1 0.827344 0.453125 0.010937 0.078125
1 0.767188 0.872656 0.006250 0.098437
3 0.325781 0.568750 0.026562 0.028125
3 0.360938 0.611719 0.025000 0.029687
3 0.398438 0.612500 0.028125 0.028125
3 0.435937 0.612500 0.028125 0.028125
3 0.471094 0.571094 0.029687 0.029687
3 0.436719 0.525781 0.026562 0.026562
3 0.397656 0.525781 0.026562 0.026562
3 0.360156 0.525000 0.026562 0.028125
6 0.407031 0.751562 0.032813 0.046875
6 0.784375 0.318750 0.050000 0.034375
11 0.386719 0.409375 0.039062 0.128125
11 0.450781 0.414062 0.073438 0.118750
3 0.437500 0.310937 0.028125 0.031250
3 0.664844 0.313281 0.026562 0.029687
3 0.532813 0.878125 0.031250 0.025000
11 0.465625 0.851562 0.040625 0.134375
11 0.594531 0.462500 0.039062 0.106250
16 0.856250 0.535938 0.028125 0.062500
7 0.802344 0.374219 0.039062 0.057813
15 0.744531 0.158594 0.045312 0.029687
8 0.767969 0.206250 0.101562 0.053125
0 0.739844 0.271875 0.045312 0.031250
15 0.863281 0.289062 0.060937 0.043750
0 0.735156 0.378906 0.048438 0.048438
2 0.504687 0.239062 0.034375 0.231250
4 0.651563 0.857813 0.109375 0.125000
4 0.646094 0.225000 0.129688 0.109375
4 0.415625 0.224219 0.128125 0.107813
4 0.734375 0.474219 0.109375 0.126562
2 0.669531 0.605469 0.189062 0.039062
17 0.653906 0.717187 0.039062 0.040625
2 0.719531 0.722656 0.089063 0.029687
