12 0.159375 0.528125 0.009375 0.121875
2 0.159375 0.521875 0.028125 0.312500
17 0.158594 0.306250 0.029687 0.115625
0 0.106250 0.171094 0.075000 0.110937
2 0.284375 0.172656 0.028125 0.151562
2 0.385156 0.168750 0.045312 0.146875
3 0.350781 0.203906 0.023438 0.048438
3 0.350781 0.135156 0.023438 0.048438
3 0.421094 0.203125 0.026562 0.046875
3 0.421875 0.135156 0.025000 0.048438
17 0.470313 0.224219 0.025000 0.089063
17 0.471094 0.138281 0.029687 0.082812
0 0.516406 0.231250 0.048438 0.078125
0 0.623437 0.223437 0.031250 0.071875
0 0.739062 0.316406 0.056250 0.092188
0 0.617969 0.406250 0.057813 0.087500
0 0.682031 0.406250 0.054688 0.090625
0 0.882812 0.410156 0.046875 0.076563
0 0.450000 0.732031 0.059375 0.095312
1 0.275000 0.773438 0.165625 0.015625
1 0.609375 0.771094 0.078125 0.014063
9 0.392969 0.689844 0.026562 0.076563
7 0.392188 0.514062 0.034375 0.071875
2 0.392188 0.615625 0.040625 0.296875
13 0.501563 0.731250 0.028125 0.065625
5 0.278906 0.721094 0.064062 0.089063
5 0.338281 0.599219 0.054688 0.329688
2 0.269531 0.560156 0.045312 0.126562
5 0.258594 0.392969 0.048438 0.060937
2 0.335156 0.394531 0.045312 0.051562
7 0.520312 0.127344 0.056250 0.060937
6 0.578906 0.132031 0.029687 0.070312
15 0.639844 0.126563 0.051562 0.028125
11 0.691406 0.175781 0.035937 0.160938
11 0.534375 0.404687 0.096875 0.062500
11 0.672656 0.646094 0.035937 0.232813
13 0.746094 0.117188 0.067187 0.043750
13 0.867188 0.116406 0.040625 0.045312
3 0.746875 0.163281 0.028125 0.042188
4 0.814844 0.193750 0.076563 0.196875
4 0.550000 0.617969 0.125000 0.170313
4 0.796875 0.628125 0.125000 0.171875
1 0.758594 0.769531 0.117188 0.017188
13 0.845313 0.735156 0.028125 0.051562
13 0.844531 0.503125 0.026562 0.090625
3 0.816406 0.503125 0.023438 0.046875
8 0.917969 0.632812 0.101562 0.084375
15 0.946094 0.696094 0.045312 0.026562
6 0.943750 0.526562 0.046875 0.050000
7 0.947656 0.417188 0.039062 0.093750
13 0.500000 0.487500 0.028125 0.103125
1 0.892969 0.294531 0.010937 0.123438
16 0.918750 0.174219 0.031250 0.098437
3 0.529687 0.486719 0.028125 0.045312
