15 0.478906 0.124219 0.017188 0.048438
2 0.385156 0.702344 0.135937 0.035937
17 0.282813 0.702344 0.068750 0.035937
17 0.215625 0.702344 0.068750 0.035937
15 0.487500 0.886719 0.056250 0.020313
13 0.829688 0.879687 0.037500 0.034375
13 0.668750 0.879687 0.068750 0.034375
13 0.603125 0.415625 0.037500 0.043750
13 0.814063 0.416406 0.037500 0.045312
13 0.660156 0.113281 0.054688 0.035937
13 0.823438 0.114844 0.056250 0.032813
13 0.273438 0.289844 0.031250 0.076563
13 0.274219 0.110938 0.029687 0.031250
7 0.339062 0.542969 0.050000 0.048438
9 0.234375 0.542187 0.053125 0.034375
2 0.277344 0.542969 0.185938 0.048438
0 0.216406 0.407813 0.064062 0.071875
16 0.055469 0.158594 0.032813 0.073438
4 0.326562 0.187500 0.134375 0.131250
4 0.741406 0.175000 0.114062 0.153125
4 0.756250 0.820312 0.115625 0.153125
3 0.669531 0.845312 0.032813 0.031250
3 0.303125 0.292188 0.031250 0.034375
3 0.814063 0.325000 0.034375 0.034375
2 0.610938 0.278125 0.043750 0.050000
11 0.611719 0.173438 0.042188 0.156250
11 0.324219 0.350781 0.132812 0.048438
11 0.613281 0.829687 0.042188 0.134375
6 0.551562 0.869531 0.031250 0.054688
6 0.495312 0.188281 0.050000 0.039062
10 0.282813 0.403125 0.053125 0.037500
7 0.480469 0.720313 0.039062 0.071875
7 0.491406 0.258594 0.042188 0.070312
0 0.560937 0.135156 0.043750 0.039062
0 0.553906 0.272656 0.054688 0.057813
0 0.431250 0.348437 0.062500 0.071875
0 0.501563 0.349219 0.062500 0.070312
0 0.616406 0.719531 0.064062 0.070312
0 0.559375 0.784375 0.050000 0.059375
0 0.504687 0.789062 0.034375 0.050000
1 0.854688 0.826563 0.012500 0.143750
1 0.854688 0.530469 0.009375 0.198437
1 0.856250 0.235156 0.009375 0.142187
0 0.212500 0.632031 0.081250 0.085938
2 0.477344 0.514844 0.057813 0.107813
3 0.432031 0.541406 0.026562 0.045312
3 0.435156 0.489844 0.026562 0.035937
3 0.479687 0.446094 0.034375 0.029687
3 0.477344 0.582813 0.029687 0.025000
3 0.520312 0.536719 0.028125 0.035937
3 0.520312 0.490625 0.028125 0.037500
12 0.710938 0.659375 0.084375 0.012500
12 0.740625 0.363281 0.065625 0.007812
2 0.710156 0.657031 0.279687 0.039062
2 0.762500 0.359375 0.175000 0.037500
1 0.368750 0.088281 0.103125 0.010937
1 0.534375 0.013281 0.043750 0.026562
8 0.527344 0.058594 0.110937 0.064062
5 0.600781 0.517188 0.051562 0.128125
5 0.708594 0.416406 0.145313 0.060937
5 0.816406 0.514844 0.057813 0.123438
2 0.707812 0.525000 0.062500 0.071875
