13 0.125781 0.846875 0.085938 0.043750
13 0.897656 0.339844 0.064062 0.054688
13 0.896875 0.147656 0.062500 0.054688
13 0.894531 0.792187 0.070312 0.053125
13 0.804688 0.861719 0.250000 0.082812
3 0.778125 0.830469 0.065625 0.045312
3 0.179688 0.492969 0.084375 0.054688
3 0.180469 0.412500 0.085938 0.053125
3 0.312500 0.492969 0.084375 0.051562
3 0.312500 0.410156 0.087500 0.051562
12 0.485156 0.709375 0.020313 0.109375
12 0.519531 0.239844 0.014063 0.092188
5 0.123438 0.680469 0.109375 0.260937
5 0.246094 0.581250 0.139063 0.068750
0 0.275781 0.857813 0.176563 0.118750
0 0.577344 0.575000 0.129688 0.087500
0 0.577344 0.407031 0.129688 0.085938
0 0.701562 0.485938 0.115625 0.068750
0 0.800000 0.560156 0.078125 0.045312
11 0.794531 0.413281 0.267188 0.054688
11 0.595313 0.876562 0.165625 0.053125
1 0.942969 0.842188 0.023438 0.121875
1 0.279687 0.150000 0.234375 0.015625
1 0.714844 0.089063 0.360938 0.015625
1 0.942969 0.498437 0.023438 0.096875
16 0.090625 0.098437 0.050000 0.087500
9 0.108594 0.213281 0.073438 0.064062
7 0.107031 0.319531 0.070312 0.057813
7 0.889062 0.497656 0.078125 0.092188
6 0.717187 0.573437 0.062500 0.059375
17 0.091406 0.493750 0.048438 0.053125
17 0.090625 0.439844 0.050000 0.054688
17 0.090625 0.385938 0.050000 0.053125
2 0.108594 0.256250 0.085938 0.190625
2 0.246875 0.453125 0.146875 0.090625
2 0.285156 0.717969 0.076563 0.110937
2 0.471875 0.708594 0.046875 0.176563
4 0.795312 0.710938 0.265625 0.112500
4 0.796094 0.242188 0.267188 0.137500
10 0.446875 0.317969 0.100000 0.057813
17 0.453906 0.260156 0.085938 0.051562
17 0.471875 0.848438 0.046875 0.100000
