8 0.126562 0.137500 0.175000 0.059375
0 0.138281 0.203125 0.054688 0.040625
0 0.296875 0.190625 0.093750 0.059375
0 0.397656 0.358594 0.104688 0.073438
0 0.289844 0.432812 0.110937 0.068750
0 0.504687 0.507812 0.109375 0.068750
0 0.850000 0.641406 0.118750 0.076563
0 0.297656 0.557813 0.092188 0.059375
16 0.572656 0.064844 0.110937 0.026562
1 0.397656 0.074219 0.092188 0.051562
1 0.721094 0.075781 0.092188 0.051562
1 0.162500 0.079687 0.075000 0.043750
6 0.273438 0.128906 0.053125 0.051562
6 0.189844 0.625781 0.048438 0.048438
7 0.246094 0.252344 0.139063 0.042188
13 0.442969 0.121094 0.073438 0.035937
13 0.687500 0.121094 0.068750 0.035937
13 0.272656 0.297656 0.117188 0.035937
13 0.587500 0.378125 0.109375 0.040625
4 0.565625 0.175781 0.175000 0.145313
1 0.794531 0.225781 0.020313 0.145313
1 0.793750 0.410156 0.021875 0.104688
1 0.795312 0.799219 0.018750 0.082812
1 0.817187 0.732812 0.062500 0.046875
1 0.021094 0.336719 0.017188 0.104688
3 0.271094 0.329688 0.051562 0.028125
3 0.583594 0.415625 0.051562 0.028125
11 0.495312 0.415625 0.068750 0.115625
11 0.532813 0.325781 0.165625 0.048438
11 0.700000 0.326562 0.165625 0.046875
11 0.107813 0.496875 0.150000 0.046875
11 0.257812 0.496875 0.143750 0.046875
10 0.505469 0.578906 0.082812 0.057813
7 0.594531 0.575000 0.076563 0.040625
7 0.283594 0.631250 0.095312 0.040625
9 0.715625 0.575000 0.081250 0.040625
2 0.666406 0.574219 0.235937 0.048438
12 0.578906 0.693750 0.139063 0.012500
2 0.619531 0.700781 0.329688 0.023438
4 0.710938 0.428906 0.140625 0.145313
4 0.126562 0.353906 0.175000 0.142187
5 0.735938 0.199219 0.081250 0.054688
5 0.409375 0.820312 0.084375 0.056250
3 0.211719 0.694531 0.064062 0.032813
3 0.289062 0.724219 0.062500 0.048438
3 0.289062 0.782813 0.062500 0.043750
3 0.211719 0.813281 0.057813 0.029687
3 0.135937 0.724219 0.065625 0.045312
3 0.132031 0.785937 0.054688 0.043750
2 0.211719 0.753906 0.139063 0.095312
2 0.574219 0.808594 0.123438 0.039062
2 0.406250 0.886719 0.059375 0.057813
5 0.564063 0.888281 0.231250 0.067187
5 0.728125 0.857812 0.096875 0.131250
17 0.052344 0.680469 0.042188 0.042188
17 0.052344 0.722656 0.042188 0.042188
17 0.052344 0.764844 0.042188 0.042188
17 0.052344 0.804688 0.042188 0.040625
0 0.175781 0.885156 0.139063 0.098437
0 0.117969 0.554688 0.057813 0.053125
