1 0.080469 0.210156 0.042188 0.057813
1 0.094531 0.451562 0.014063 0.165625
1 0.374219 0.031250 0.129688 0.012500
1 0.807031 0.276562 0.010937 0.146875
1 0.728125 0.471875 0.012500 0.068750
1 0.163281 0.741406 0.007812 0.229687
5 0.204687 0.674219 0.068750 0.179688
5 0.328906 0.621875 0.176563 0.078125
5 0.428906 0.743750 0.042188 0.093750
2 0.323437 0.723437 0.087500 0.062500
2 0.293750 0.885156 0.246875 0.042188
12 0.327344 0.886719 0.098437 0.014063
0 0.789062 0.864844 0.090625 0.107813
0 0.714063 0.620313 0.078125 0.084375
0 0.770312 0.535937 0.071875 0.090625
0 0.528906 0.471875 0.070312 0.068750
16 0.853906 0.232031 0.073438 0.032813
16 0.859375 0.405469 0.071875 0.029687
8 0.177344 0.073438 0.129688 0.065625
7 0.218750 0.245312 0.046875 0.078125
7 0.536719 0.540625 0.070312 0.053125
7 0.789844 0.722656 0.064062 0.051562
7 0.925781 0.525000 0.064062 0.050000
14 0.867969 0.519531 0.054688 0.060937
9 0.887500 0.625781 0.040625 0.070312
2 0.889062 0.662500 0.046875 0.171875
2 0.810156 0.721875 0.114062 0.053125
10 0.718750 0.717969 0.062500 0.060937
0 0.616406 0.463281 0.054688 0.060937
0 0.377344 0.335938 0.079687 0.081250
0 0.457031 0.251563 0.070312 0.087500
0 0.532813 0.378906 0.078125 0.082812
0 0.141406 0.257031 0.060937 0.076563
6 0.216406 0.158594 0.054688 0.039062
15 0.264844 0.260937 0.026562 0.046875
12 0.250781 0.301563 0.076563 0.012500
4 0.249219 0.484375 0.132812 0.178125
3 0.140625 0.511719 0.037500 0.039062
13 0.145313 0.553125 0.084375 0.040625
13 0.335938 0.550781 0.050000 0.039062
13 0.589844 0.205469 0.082812 0.039062
13 0.777344 0.204687 0.045312 0.040625
4 0.691406 0.273438 0.129688 0.175000
4 0.332813 0.159375 0.159375 0.150000
13 0.271094 0.064062 0.035937 0.053125
11 0.470313 0.114844 0.043750 0.154688
11 0.523438 0.260937 0.046875 0.150000
3 0.589063 0.248438 0.037500 0.037500
15 0.685156 0.556250 0.073438 0.021875
2 0.561719 0.709375 0.067187 0.128125
3 0.608594 0.681250 0.026562 0.050000
3 0.609375 0.739062 0.028125 0.050000
3 0.562500 0.785937 0.043750 0.031250
3 0.514062 0.681250 0.028125 0.046875
3 0.515625 0.739844 0.028125 0.048438
3 0.560156 0.632812 0.042188 0.031250
6 0.609375 0.536719 0.037500 0.060937
15 0.072656 0.322656 0.032813 0.064062
11 0.384375 0.484375 0.046875 0.171875
