12 0.909375 0.298438 0.012500 0.096875
2 0.910156 0.292187 0.039062 0.268750
17 0.910156 0.464062 0.039062 0.071875
17 0.910156 0.535937 0.039062 0.071875
17 0.910156 0.607031 0.039062 0.070312
2 0.909375 0.725781 0.040625 0.164062
0 0.840625 0.855469 0.100000 0.092188
0 0.548438 0.747656 0.087500 0.073438
0 0.634375 0.682031 0.081250 0.076563
0 0.396094 0.514062 0.079687 0.071875
0 0.487500 0.511719 0.071875 0.067187
0 0.477344 0.596875 0.060937 0.056250
0 0.374219 0.363281 0.079687 0.076563
0 0.291406 0.441406 0.082812 0.067187
0 0.296094 0.140625 0.076563 0.062500
10 0.710156 0.688281 0.060937 0.064062
7 0.714062 0.785156 0.053125 0.060937
9 0.650781 0.864844 0.064062 0.042188
2 0.714062 0.808594 0.053125 0.167187
2 0.639062 0.866406 0.093750 0.045312
7 0.530469 0.867188 0.070312 0.043750
14 0.463281 0.863281 0.057813 0.051562
16 0.382812 0.873437 0.081250 0.028125
16 0.300000 0.872656 0.081250 0.029687
1 0.492188 0.706250 0.071875 0.012500
15 0.571094 0.664062 0.023438 0.071875
6 0.551563 0.589844 0.062500 0.039062
7 0.556250 0.519531 0.053125 0.067187
11 0.411719 0.632812 0.048438 0.134375
13 0.364062 0.682031 0.043750 0.035937
13 0.185937 0.682031 0.037500 0.035937
1 0.159375 0.590625 0.012500 0.128125
4 0.272656 0.622656 0.151562 0.154688
4 0.135156 0.314844 0.104688 0.154688
4 0.523438 0.225781 0.175000 0.132812
3 0.551563 0.132812 0.040625 0.037500
15 0.600781 0.060937 0.026562 0.056250
1 0.778125 0.153906 0.228125 0.010937
1 0.492188 0.095312 0.162500 0.012500
1 0.242188 0.079687 0.053125 0.037500
8 0.117969 0.165625 0.067187 0.128125
6 0.200781 0.200781 0.039062 0.054688
7 0.286719 0.205469 0.076563 0.045312
15 0.302344 0.249219 0.045312 0.023438
2 0.302344 0.313281 0.045312 0.085938
13 0.222656 0.253125 0.092188 0.031250
3 0.247656 0.314844 0.045312 0.045312
11 0.156250 0.453906 0.146875 0.042188
1 0.076562 0.343750 0.012500 0.128125
11 0.526562 0.368750 0.168750 0.043750
2 0.757031 0.300781 0.057813 0.085938
5 0.760937 0.417187 0.100000 0.040625
5 0.750000 0.192969 0.100000 0.064062
5 0.660938 0.282031 0.078125 0.242188
13 0.592187 0.131250 0.040625 0.065625
13 0.592187 0.315625 0.040625 0.062500
12 0.339844 0.224219 0.010937 0.076563
2 0.713281 0.546094 0.126562 0.067187
3 0.742188 0.589844 0.043750 0.026562
3 0.683594 0.589844 0.042188 0.026562
3 0.637500 0.545312 0.028125 0.034375
3 0.739844 0.495312 0.042188 0.028125
3 0.685937 0.496875 0.043750 0.028125
3 0.789844 0.544531 0.026562 0.039062
