16 0.057031 0.764063 0.026562 0.112500
1 0.067187 0.641406 0.053125 0.092188
1 0.067187 0.303906 0.053125 0.095312
1 0.607031 0.203906 0.051562 0.067187
1 0.790625 0.205469 0.046875 0.064062
0 0.550000 0.545312 0.059375 0.096875
0 0.441406 0.536719 0.067187 0.110937
0 0.340625 0.648438 0.075000 0.106250
0 0.600000 0.471094 0.040625 0.057813
0 0.414062 0.827344 0.062500 0.104688
11 0.147656 0.739063 0.104688 0.068750
11 0.251563 0.738281 0.100000 0.070312
11 0.357812 0.544531 0.093750 0.070312
17 0.337500 0.741406 0.065625 0.064062
13 0.113281 0.601562 0.035937 0.071875
13 0.112500 0.346875 0.034375 0.071875
13 0.333594 0.447656 0.042188 0.120313
4 0.168750 0.473437 0.146875 0.184375
1 0.200781 0.228125 0.129688 0.018750
1 0.392188 0.228906 0.112500 0.020313
1 0.532031 0.228906 0.098437 0.020313
1 0.722656 0.228906 0.085938 0.020313
5 0.196094 0.289062 0.057813 0.087500
3 0.370312 0.446875 0.028125 0.059375
4 0.384375 0.314063 0.143750 0.146875
7 0.504687 0.427344 0.040625 0.142187
6 0.643750 0.396875 0.050000 0.053125
8 0.556250 0.293750 0.134375 0.090625
12 0.298438 0.471875 0.009375 0.118750
12 0.685156 0.475000 0.010937 0.143750
2 0.797656 0.475781 0.048438 0.101562
9 0.547656 0.886719 0.054688 0.060937
7 0.625781 0.886719 0.048438 0.060937
2 0.585938 0.885938 0.162500 0.071875
17 0.887500 0.643750 0.062500 0.040625
5 0.882031 0.475000 0.070312 0.256250
5 0.851562 0.297656 0.131250 0.101562
5 0.803125 0.640625 0.075000 0.112500
0 0.882812 0.751562 0.096875 0.134375
