4 0.803125 0.229687 0.165625 0.131250
4 0.479688 0.224219 0.165625 0.129688
4 0.829687 0.756250 0.112500 0.162500
1 0.925000 0.671875 0.046875 0.012500
1 0.925781 0.385156 0.048438 0.010937
1 0.755469 0.079687 0.214062 0.009375
1 0.461719 0.146094 0.170313 0.014063
1 0.186719 0.132812 0.217188 0.012500
1 0.820312 0.852344 0.134375 0.014063
16 0.808594 0.883594 0.079687 0.029687
11 0.625000 0.802344 0.050000 0.085938
11 0.513281 0.495312 0.101562 0.050000
11 0.600781 0.135156 0.051562 0.101562
11 0.600000 0.241406 0.053125 0.104688
17 0.590625 0.352344 0.034375 0.114062
17 0.589844 0.465625 0.029687 0.112500
17 0.068750 0.491406 0.031250 0.098437
17 0.063281 0.581250 0.020313 0.081250
17 0.063281 0.662500 0.020313 0.084375
17 0.068750 0.190625 0.028125 0.100000
12 0.060156 0.342187 0.014063 0.103125
2 0.071094 0.341406 0.035937 0.195312
2 0.209375 0.340625 0.068750 0.137500
2 0.330469 0.696875 0.117188 0.062500
2 0.260156 0.823438 0.132812 0.043750
2 0.411719 0.672656 0.042188 0.110937
16 0.492969 0.112500 0.079687 0.028125
13 0.708594 0.824219 0.117188 0.042188
13 0.544531 0.382812 0.042188 0.175000
13 0.866406 0.338281 0.042188 0.085938
13 0.866406 0.122656 0.039062 0.079687
3 0.829687 0.337500 0.028125 0.040625
3 0.500781 0.407813 0.045312 0.040625
0 0.728906 0.423438 0.070312 0.062500
0 0.730469 0.633594 0.067187 0.064062
0 0.638281 0.703125 0.079687 0.081250
0 0.484375 0.885938 0.081250 0.081250
0 0.125781 0.665625 0.092188 0.100000
0 0.416406 0.490625 0.079687 0.081250
8 0.913281 0.460938 0.070312 0.137500
7 0.750000 0.503125 0.090625 0.053125
7 0.740625 0.566406 0.071875 0.051562
9 0.559375 0.800000 0.046875 0.062500
7 0.559375 0.689063 0.046875 0.056250
2 0.560156 0.735938 0.054688 0.218750
10 0.411719 0.767188 0.064062 0.059375
3 0.353125 0.650000 0.040625 0.028125
3 0.300781 0.650781 0.039062 0.029687
3 0.352344 0.744531 0.039062 0.032813
3 0.302344 0.744531 0.039062 0.032813
2 0.328125 0.476562 0.053125 0.050000
2 0.328125 0.203125 0.053125 0.053125
5 0.209375 0.195312 0.137500 0.075000
5 0.322656 0.338281 0.076563 0.201563
5 0.210156 0.478125 0.073438 0.050000
3 0.704688 0.787500 0.040625 0.031250
0 0.835938 0.633594 0.034375 0.057813
6 0.813281 0.570312 0.042188 0.059375
6 0.834375 0.498437 0.046875 0.059375
15 0.881250 0.557031 0.037500 0.032813
