1 0.802344 0.275781 0.010937 0.245312
1 0.802344 0.569531 0.010937 0.139063
1 0.379687 0.882812 0.103125 0.012500
1 0.231250 0.601562 0.009375 0.081250
0 0.180469 0.164844 0.085938 0.114062
5 0.763281 0.215625 0.054688 0.175000
5 0.643750 0.160938 0.178125 0.065625
5 0.510937 0.252344 0.065625 0.082812
2 0.650000 0.277344 0.084375 0.060937
12 0.647656 0.425000 0.085938 0.012500
2 0.648438 0.415625 0.193750 0.031250
2 0.336719 0.324219 0.054688 0.129688
2 0.290625 0.414062 0.109375 0.031250
16 0.085156 0.811719 0.023438 0.082812
0 0.192969 0.593750 0.067187 0.093750
0 0.535938 0.663281 0.068750 0.076563
0 0.464844 0.764062 0.051562 0.068750
0 0.403125 0.689063 0.068750 0.078125
3 0.379687 0.293750 0.028125 0.043750
3 0.292969 0.293750 0.026562 0.043750
3 0.380469 0.352344 0.029687 0.045312
3 0.293750 0.352344 0.025000 0.042188
17 0.111719 0.183594 0.023438 0.123438
17 0.593750 0.716406 0.031250 0.023438
17 0.560156 0.716406 0.032813 0.023438
17 0.525781 0.715625 0.032813 0.025000
0 0.679688 0.797656 0.034375 0.045312
0 0.768750 0.738281 0.053125 0.070312
0 0.402344 0.494531 0.067187 0.076563
13 0.516406 0.163281 0.035937 0.051562
10 0.125781 0.292969 0.051562 0.060937
7 0.121094 0.397656 0.039062 0.054688
9 0.121094 0.495312 0.035937 0.062500
2 0.122656 0.439844 0.045312 0.214062
13 0.335938 0.617969 0.021875 0.048438
13 0.388281 0.617969 0.079687 0.045312
13 0.377344 0.850781 0.104688 0.048438
13 0.595313 0.461719 0.043750 0.039062
13 0.747656 0.460938 0.042188 0.040625
4 0.672656 0.521875 0.104688 0.159375
4 0.281250 0.561719 0.087500 0.160938
4 0.282031 0.792188 0.085938 0.159375
7 0.464063 0.850000 0.053125 0.046875
7 0.745312 0.850781 0.087500 0.045312
6 0.642188 0.746875 0.050000 0.037500
6 0.519531 0.844531 0.032813 0.060937
0 0.562500 0.768750 0.034375 0.059375
11 0.530469 0.531250 0.042188 0.181250
11 0.389062 0.424219 0.081250 0.051562
11 0.293750 0.676562 0.109375 0.053125
1 0.521875 0.900781 0.046875 0.048438
1 0.879687 0.843750 0.043750 0.062500
8 0.826563 0.806250 0.053125 0.115625
3 0.389844 0.810937 0.032813 0.031250
1 0.815625 0.668750 0.037500 0.050000
3 0.387500 0.578125 0.031250 0.034375
