1 0.064844 0.146875 0.023438 0.121875
1 0.064844 0.493750 0.026562 0.096875
1 0.292187 0.906250 0.362500 0.015625
1 0.726562 0.846094 0.234375 0.014063
2 0.203125 0.129688 0.250000 0.087500
3 0.229687 0.161719 0.065625 0.045312
13 0.114062 0.201563 0.071875 0.053125
11 0.410938 0.114062 0.165625 0.053125
11 0.211719 0.578906 0.267188 0.054688
4 0.212500 0.282813 0.268750 0.109375
6 0.287500 0.417187 0.065625 0.059375
0 0.207031 0.431250 0.076563 0.046875
0 0.428906 0.417969 0.129688 0.085938
0 0.428906 0.586719 0.129688 0.085938
0 0.728125 0.132031 0.175000 0.123438
0 0.304688 0.508594 0.115625 0.067187
13 0.110156 0.654687 0.064062 0.056250
13 0.109375 0.849219 0.062500 0.057813
4 0.212500 0.753125 0.268750 0.137500
12 0.486719 0.753906 0.014063 0.089063
17 0.552344 0.734375 0.089063 0.046875
17 0.915625 0.607031 0.050000 0.054688
17 0.914844 0.497656 0.048438 0.054688
17 0.915625 0.553125 0.050000 0.053125
12 0.521875 0.282031 0.021875 0.110937
17 0.534375 0.135156 0.050000 0.098437
7 0.117969 0.493750 0.079687 0.096875
10 0.558594 0.678125 0.101562 0.056250
7 0.897656 0.675000 0.070312 0.059375
9 0.898438 0.780469 0.071875 0.064062
16 0.914844 0.898438 0.051562 0.087500
2 0.896875 0.740625 0.087500 0.187500
2 0.760156 0.539844 0.142187 0.089063
3 0.694531 0.499219 0.085938 0.054688
3 0.694531 0.582812 0.085938 0.053125
3 0.825000 0.582812 0.090625 0.053125
3 0.827344 0.499219 0.085938 0.054688
2 0.533594 0.281250 0.051562 0.184375
2 0.720313 0.275000 0.075000 0.109375
2 0.880469 0.144531 0.085938 0.045312
5 0.882031 0.279687 0.107813 0.200000
5 0.814844 0.410156 0.248438 0.067187
