5 0.356250 0.890625 0.118750 0.043750
5 0.444531 0.835156 0.054688 0.132812
15 0.444531 0.959375 0.042188 0.021875
15 0.059375 0.939844 0.084375 0.032813
1 0.568750 0.172656 0.034375 0.007812
1 0.611719 0.173438 0.032813 0.006250
15 0.853125 0.939063 0.021875 0.031250
15 0.946875 0.938281 0.050000 0.032813
2 0.733594 0.628906 0.139063 0.045312
7 0.682031 0.746875 0.029687 0.025000
7 0.727344 0.781250 0.114062 0.028125
7 0.773438 0.746875 0.031250 0.028125
2 0.727344 0.746875 0.167187 0.028125
3 0.682813 0.665625 0.025000 0.018750
3 0.717187 0.667187 0.025000 0.021875
3 0.748437 0.667187 0.025000 0.018750
3 0.782031 0.667187 0.026562 0.018750
3 0.680469 0.592969 0.023438 0.020313
3 0.716406 0.592969 0.023438 0.020313
3 0.746875 0.593750 0.021875 0.021875
3 0.781250 0.592969 0.025000 0.020313
2 0.357031 0.840625 0.098437 0.040625
3 0.278125 0.616406 0.062500 0.029687
3 0.278125 0.518750 0.062500 0.031250
2 0.284375 0.567188 0.037500 0.037500
2 0.323437 0.182813 0.040625 0.040625
3 0.301563 0.205469 0.028125 0.029687
3 0.345313 0.205469 0.031250 0.029687
3 0.346094 0.160937 0.026562 0.028125
3 0.299219 0.158594 0.026562 0.026562
0 0.612500 0.297656 0.059375 0.054688
0 0.553906 0.215625 0.048438 0.059375
0 0.656250 0.204688 0.056250 0.053125
0 0.858594 0.185937 0.048438 0.053125
1 0.934375 0.351562 0.031250 0.025000
1 0.934375 0.322656 0.031250 0.026562
1 0.935156 0.293750 0.032813 0.028125
1 0.935156 0.264844 0.032813 0.029687
1 0.935156 0.234375 0.032813 0.028125
1 0.935156 0.204688 0.032813 0.028125
1 0.934375 0.175000 0.031250 0.028125
1 0.935156 0.146875 0.032813 0.028125
