15 0.124219 0.478906 0.048438 0.017188
2 0.702344 0.385156 0.035937 0.135937
17 0.702344 0.282813 0.035937 0.068750
17 0.702344 0.215625 0.035937 0.068750
15 0.886719 0.487500 0.020313 0.056250
13 0.879687 0.829688 0.034375 0.037500
13 0.879687 0.668750 0.034375 0.068750
13 0.415625 0.603125 0.043750 0.037500
13 0.416406 0.814063 0.045312 0.037500
13 0.113281 0.660156 0.035937 0.054688
13 0.114844 0.823438 0.032813 0.056250
13 0.289844 0.273438 0.076563 0.031250
13 0.110938 0.274219 0.031250 0.029687
7 0.542969 0.339062 0.048438 0.050000
9 0.542187 0.234375 0.034375 0.053125
2 0.542969 0.277344 0.048438 0.185938
0 0.407813 0.216406 0.071875 0.064062
16 0.158594 0.055469 0.073438 0.032813
4 0.187500 0.326562 0.131250 0.134375
4 0.175000 0.741406 0.153125 0.114062
4 0.820312 0.756250 0.153125 0.115625
3 0.845312 0.669531 0.031250 0.032813
3 0.292188 0.303125 0.034375 0.031250
3 0.325000 0.814063 0.034375 0.034375
2 0.278125 0.610938 0.050000 0.043750
11 0.173438 0.611719 0.156250 0.042188
11 0.350781 0.324219 0.048438 0.132812
11 0.829687 0.613281 0.134375 0.042188
6 0.869531 0.551562 0.054688 0.031250
6 0.188281 0.495312 0.039062 0.050000
10 0.403125 0.282813 0.037500 0.053125
7 0.720313 0.480469 0.071875 0.039062
7 0.258594 0.491406 0.070312 0.042188
0 0.135156 0.560937 0.039062 0.043750
0 0.272656 0.553906 0.057813 0.054688
0 0.348437 0.431250 0.071875 0.062500
0 0.349219 0.501563 0.070312 0.062500
0 0.719531 0.616406 0.070312 0.064062
0 0.784375 0.559375 0.059375 0.050000
0 0.789062 0.504687 0.050000 0.034375
1 0.826563 0.854688 0.143750 0.012500
1 0.530469 0.854688 0.198437 0.009375
1 0.235156 0.856250 0.142187 0.009375
0 0.632031 0.212500 0.085938 0.081250
2 0.514844 0.477344 0.107813 0.057813
3 0.541406 0.432031 0.045312 0.026562
3 0.489844 0.435156 0.035937 0.026562
3 0.446094 0.479687 0.029687 0.034375
3 0.582813 0.477344 0.025000 0.029687
3 0.536719 0.520312 0.035937 0.028125
3 0.490625 0.520312 0.037500 0.028125
12 0.659375 0.710938 0.012500 0.084375
12 0.363281 0.740625 0.007812 0.065625
2 0.657031 0.710156 0.039062 0.279687
2 0.359375 0.762500 0.037500 0.175000
1 0.088281 0.368750 0.010937 0.103125
1 0.013281 0.534375 0.026562 0.043750
8 0.058594 0.527344 0.064062 0.110937
5 0.517188 0.600781 0.128125 0.051562
5 0.416406 0.708594 0.060937 0.145313
5 0.514844 0.816406 0.123438 0.057813
2 0.525000 0.707812 0.071875 0.062500
