12 0.528125 0.159375 0.121875 0.009375
2 0.521875 0.159375 0.312500 0.028125
17 0.306250 0.158594 0.115625 0.029687
0 0.171094 0.106250 0.110937 0.075000
2 0.172656 0.284375 0.151562 0.028125
2 0.168750 0.385156 0.146875 0.045312
3 0.203906 0.350781 0.048438 0.023438
3 0.135156 0.350781 0.048438 0.023438
3 0.203125 0.421094 0.046875 0.026562
3 0.135156 0.421875 0.048438 0.025000
17 0.224219 0.470313 0.089063 0.025000
17 0.138281 0.471094 0.082812 0.029687
0 0.231250 0.516406 0.078125 0.048438
0 0.223437 0.623437 0.071875 0.031250
0 0.316406 0.739062 0.092188 0.056250
0 0.406250 0.617969 0.087500 0.057813
0 0.406250 0.682031 0.090625 0.054688
0 0.410156 0.882812 0.076563 0.046875
0 0.732031 0.450000 0.095312 0.059375
1 0.773438 0.275000 0.015625 0.165625
1 0.771094 0.609375 0.014063 0.078125
9 0.689844 0.392969 0.076563 0.026562
7 0.514062 0.392188 0.071875 0.034375
2 0.615625 0.392188 0.296875 0.040625
13 0.731250 0.501563 0.065625 0.028125
5 0.721094 0.278906 0.089063 0.064062
5 0.599219 0.338281 0.329688 0.054688
2 0.560156 0.269531 0.126562 0.045312
5 0.392969 0.258594 0.060937 0.048438
2 0.394531 0.335156 0.051562 0.045312
7 0.127344 0.520312 0.060937 0.056250
6 0.132031 0.578906 0.070312 0.029687
15 0.126563 0.639844 0.028125 0.051562
11 0.175781 0.691406 0.160938 0.035937
11 0.404687 0.534375 0.062500 0.096875
11 0.646094 0.672656 0.232813 0.035937
13 0.117188 0.746094 0.043750 0.067187
13 0.116406 0.867188 0.045312 0.040625
3 0.163281 0.746875 0.042188 0.028125
4 0.193750 0.814844 0.196875 0.076563
4 0.617969 0.550000 0.170313 0.125000
4 0.628125 0.796875 0.171875 0.125000
1 0.769531 0.758594 0.017188 0.117188
13 0.735156 0.845313 0.051562 0.028125
13 0.503125 0.844531 0.090625 0.026562
3 0.503125 0.816406 0.046875 0.023438
8 0.632812 0.917969 0.084375 0.101562
15 0.696094 0.946094 0.026562 0.045312
6 0.526562 0.943750 0.050000 0.046875
7 0.417188 0.947656 0.093750 0.039062
13 0.487500 0.500000 0.103125 0.028125
1 0.294531 0.892969 0.123438 0.010937
16 0.174219 0.918750 0.098437 0.031250
3 0.486719 0.529687 0.045312 0.028125
