5 0.184375 0.177344 0.040625 0.032813
5 0.251563 0.176563 0.040625 0.028125
5 0.305469 0.239844 0.048438 0.095312
5 0.225000 0.310156 0.084375 0.029687
5 0.521094 0.324219 0.045312 0.054688
5 0.578125 0.367969 0.043750 0.032813
2 0.217969 0.179688 0.020313 0.015625
2 0.296875 0.175000 0.034375 0.025000
2 0.239063 0.239844 0.043750 0.057813
2 0.296094 0.307812 0.032813 0.025000
2 0.492969 0.514062 0.107813 0.075000
2 0.522656 0.370312 0.039062 0.028125
2 0.707031 0.228906 0.023438 0.082812
12 0.715625 0.226562 0.006250 0.053125
13 0.392969 0.239063 0.054688 0.115625
3 0.438281 0.245312 0.035937 0.034375
2 0.103906 0.242188 0.023438 0.084375
12 0.103906 0.241406 0.007812 0.054688
17 0.476562 0.172656 0.018750 0.039062
17 0.476562 0.210938 0.018750 0.037500
17 0.478125 0.247656 0.018750 0.035937
17 0.478125 0.282031 0.018750 0.032813
17 0.476562 0.317969 0.018750 0.032813
17 0.705469 0.477344 0.070312 0.014063
17 0.768750 0.477344 0.053125 0.014063
17 0.829688 0.477344 0.068750 0.014063
11 0.761719 0.450000 0.204687 0.028125
11 0.846094 0.396094 0.035937 0.079687
11 0.519531 0.767969 0.085938 0.023438
11 0.675000 0.853906 0.031250 0.139063
1 0.217188 0.132031 0.221875 0.007812
1 0.440625 0.130469 0.093750 0.007812
1 0.610156 0.132812 0.167187 0.006250
1 0.798438 0.131250 0.075000 0.009375
1 0.869531 0.305469 0.007812 0.054688
1 0.869531 0.411719 0.007812 0.054688
1 0.867969 0.536719 0.007812 0.089063
1 0.869531 0.658594 0.007812 0.057813
1 0.868750 0.767969 0.009375 0.057813
1 0.420312 0.926562 0.100000 0.009375
1 0.596875 0.926562 0.096875 0.009375
1 0.773438 0.925781 0.100000 0.007812
10 0.359375 0.669531 0.043750 0.035937
15 0.359375 0.767188 0.021875 0.040625
7 0.350000 0.810937 0.034375 0.040625
14 0.354687 0.846094 0.037500 0.026562
0 0.401562 0.769531 0.046875 0.032813
9 0.469531 0.740625 0.048438 0.021875
7 0.484375 0.632031 0.021875 0.029687
7 0.545312 0.664844 0.031250 0.032813
7 0.730469 0.664844 0.042188 0.020313
7 0.688281 0.636719 0.060937 0.026562
7 0.746094 0.289062 0.039062 0.084375
0 0.675781 0.600781 0.045312 0.029687
0 0.743750 0.598437 0.043750 0.028125
0 0.798438 0.617969 0.028125 0.026562
15 0.840625 0.592187 0.050000 0.012500
15 0.881250 0.614062 0.031250 0.018750
15 0.697656 0.936719 0.032813 0.029687
15 0.847656 0.938281 0.032813 0.029687
15 0.521875 0.938281 0.034375 0.026562
4 0.559375 0.230469 0.128125 0.073438
17 0.710156 0.167187 0.020313 0.034375
17 0.710156 0.287500 0.020313 0.034375
0 0.792188 0.319531 0.046875 0.032813
0 0.794531 0.216406 0.026562 0.032813
15 0.739844 0.125000 0.023438 0.018750
15 0.882031 0.147656 0.032813 0.026562
8 0.796094 0.161719 0.139063 0.051562
6 0.838281 0.318750 0.023438 0.028125
15 0.885938 0.367188 0.040625 0.021875
7 0.354687 0.558594 0.031250 0.032813
0 0.186719 0.546094 0.032813 0.023438
0 0.218750 0.549219 0.028125 0.017188
0 0.627344 0.768750 0.048438 0.034375
0 0.678906 0.734375 0.048438 0.034375
0 0.730469 0.700781 0.039062 0.026562
0 0.204687 0.410156 0.050000 0.032813
0 0.203906 0.447656 0.048438 0.035937
0 0.201563 0.693750 0.068750 0.046875
3 0.460156 0.600781 0.020313 0.014063
3 0.493750 0.600000 0.021875 0.015625
3 0.468750 0.561719 0.034375 0.026562
3 0.511719 0.561719 0.035937 0.023438
3 0.549219 0.541406 0.035937 0.026562
3 0.564063 0.512500 0.031250 0.025000
3 0.550000 0.482812 0.034375 0.021875
3 0.513281 0.464844 0.032813 0.026562
3 0.467187 0.464062 0.034375 0.025000
3 0.432812 0.484375 0.034375 0.025000
3 0.418750 0.512500 0.031250 0.021875
3 0.432031 0.542969 0.035937 0.026562
2 0.496875 0.627344 0.131250 0.035937
2 0.546875 0.700000 0.031250 0.103125
2 0.482031 0.739062 0.098437 0.025000
2 0.354687 0.629687 0.031250 0.043750
2 0.355469 0.700000 0.032813 0.025000
2 0.355469 0.546094 0.032813 0.107813
0 0.627344 0.376563 0.048438 0.034375
2 0.579688 0.320312 0.028125 0.050000
3 0.769531 0.503906 0.032813 0.020313
2 0.771094 0.524219 0.129688 0.023438
5 0.763281 0.565625 0.164062 0.025000
8 0.834375 0.694531 0.059375 0.076563
6 0.682813 0.667969 0.025000 0.029687
6 0.752344 0.635938 0.023438 0.025000
4 0.804688 0.838281 0.118750 0.076563
4 0.532813 0.840625 0.109375 0.053125
2 0.638281 0.842969 0.026562 0.048438
2 0.638281 0.889062 0.026562 0.037500
5 0.608594 0.889844 0.023438 0.020313
5 0.736719 0.903125 0.073438 0.031250
11 0.775000 0.727344 0.043750 0.020313
13 0.671094 0.413281 0.023438 0.045312
3 0.703125 0.411719 0.028125 0.020313
