16 0.943750 0.225781 0.028125 0.126562
1 0.932813 0.357031 0.053125 0.101562
1 0.932813 0.721875 0.053125 0.103125
1 0.800781 0.805469 0.129688 0.020313
1 0.608594 0.805469 0.114062 0.020313
1 0.465625 0.804688 0.100000 0.021875
1 0.277344 0.804688 0.089063 0.021875
1 0.391406 0.830469 0.045312 0.070312
1 0.207812 0.830469 0.046875 0.070312
11 0.853906 0.252344 0.104688 0.076563
11 0.747656 0.251563 0.104688 0.075000
11 0.641406 0.460938 0.092188 0.078125
17 0.661719 0.247656 0.060937 0.070312
17 0.114062 0.354687 0.059375 0.046875
5 0.148438 0.729688 0.131250 0.109375
5 0.118750 0.535937 0.068750 0.271875
5 0.197656 0.359375 0.076563 0.125000
2 0.202344 0.539062 0.051562 0.112500
12 0.314844 0.536719 0.010937 0.154688
0 0.118750 0.239063 0.093750 0.150000
0 0.450781 0.460938 0.057813 0.103125
0 0.399219 0.540625 0.042188 0.068750
0 0.660156 0.350000 0.073438 0.115625
0 0.560156 0.470313 0.067187 0.125000
12 0.701562 0.541406 0.006250 0.132812
13 0.888281 0.400781 0.035937 0.079687
13 0.887500 0.675781 0.037500 0.079687
4 0.832813 0.540625 0.146875 0.193750
0 0.585938 0.156250 0.062500 0.115625
9 0.455469 0.091406 0.054688 0.064062
7 0.374219 0.090625 0.051562 0.065625
2 0.413281 0.091406 0.164062 0.076563
8 0.445312 0.735938 0.134375 0.096875
7 0.500000 0.589844 0.034375 0.073438
2 0.496094 0.589844 0.039062 0.154688
6 0.356250 0.621875 0.056250 0.056250
13 0.667969 0.567969 0.045312 0.129688
3 0.630469 0.567187 0.026562 0.065625
4 0.617188 0.713281 0.146875 0.157812
5 0.805469 0.739844 0.054688 0.095312
