0 0.318750 0.860156 0.071875 0.095312
0 0.597656 0.547656 0.060937 0.076563
0 0.597656 0.278125 0.064062 0.078125
0 0.597656 0.203125 0.048438 0.068750
0 0.410156 0.414062 0.051562 0.062500
0 0.350781 0.415625 0.023438 0.059375
0 0.428906 0.277344 0.057813 0.079687
0 0.251563 0.540625 0.059375 0.081250
10 0.303906 0.613281 0.045312 0.060937
2 0.414844 0.608594 0.157812 0.045312
1 0.285938 0.510937 0.009375 0.075000
1 0.286719 0.401563 0.010937 0.078125
1 0.856250 0.772656 0.009375 0.245312
1 0.856250 0.456250 0.009375 0.150000
1 0.896875 0.202344 0.009375 0.164062
1 0.434375 0.065625 0.059375 0.012500
15 0.492969 0.214844 0.039062 0.026562
1 0.154688 0.167969 0.009375 0.129688
16 0.131250 0.345313 0.021875 0.078125
16 0.130469 0.253125 0.023438 0.078125
16 0.131250 0.160156 0.025000 0.079687
11 0.215625 0.292969 0.112500 0.051562
15 0.322656 0.340625 0.064062 0.021875
6 0.394531 0.360938 0.032813 0.062500
7 0.464062 0.354688 0.056250 0.050000
11 0.592969 0.432813 0.039062 0.106250
11 0.661719 0.345313 0.098437 0.053125
11 0.842969 0.342969 0.098437 0.054688
17 0.825000 0.914844 0.053125 0.032813
17 0.585938 0.916406 0.053125 0.032813
12 0.707031 0.925000 0.101562 0.015625
2 0.706250 0.910937 0.181250 0.040625
2 0.700781 0.750781 0.104688 0.070312
5 0.812500 0.750781 0.056250 0.132812
5 0.702344 0.640625 0.154688 0.075000
5 0.594531 0.726562 0.060937 0.081250
9 0.202344 0.658594 0.042188 0.064062
7 0.261719 0.766406 0.042188 0.051562
2 0.255469 0.766406 0.148438 0.054688
2 0.200781 0.660938 0.039062 0.156250
2 0.442969 0.725781 0.051562 0.173437
2 0.598437 0.633594 0.037500 0.051562
2 0.806250 0.634375 0.040625 0.053125
4 0.791406 0.460938 0.098437 0.162500
4 0.752344 0.153906 0.098437 0.164062
4 0.217188 0.180469 0.115625 0.170313
13 0.335938 0.090625 0.121875 0.040625
3 0.355469 0.134375 0.032813 0.043750
3 0.509375 0.125000 0.025000 0.059375
6 0.549219 0.197656 0.032813 0.064062
7 0.572656 0.067969 0.098437 0.051562
13 0.666406 0.090625 0.070312 0.040625
13 0.823438 0.092187 0.043750 0.037500
13 0.874219 0.192969 0.026562 0.035937
3 0.861719 0.142969 0.048438 0.060937
3 0.667188 0.128125 0.031250 0.031250
8 0.434375 0.150000 0.059375 0.156250
3 0.408594 0.554688 0.035937 0.046875
0 0.496094 0.539844 0.007812 0.060937
13 0.654687 0.399219 0.084375 0.039062
13 0.716406 0.399219 0.039062 0.039062
3 0.655469 0.435937 0.029687 0.031250
12 0.751563 0.349219 0.065625 0.010937
2 0.751563 0.344531 0.078125 0.054688
3 0.482031 0.777344 0.026562 0.039062
3 0.482031 0.726562 0.026562 0.040625
3 0.482031 0.678125 0.023438 0.040625
3 0.404687 0.776562 0.025000 0.040625
3 0.403906 0.726562 0.023438 0.037500
3 0.404687 0.677344 0.025000 0.039062
5 0.314063 0.514844 0.043750 0.114062
