16 0.865625 0.071875 0.087500 0.025000
9 0.521094 0.109375 0.067187 0.037500
7 0.413281 0.108594 0.060937 0.035937
10 0.303125 0.113281 0.065625 0.051562
0 0.628906 0.181250 0.098437 0.068750
0 0.496094 0.395313 0.085938 0.068750
0 0.733594 0.396094 0.082812 0.070312
0 0.813281 0.460156 0.073438 0.051562
0 0.704688 0.532031 0.084375 0.070312
0 0.849219 0.681250 0.051562 0.037500
0 0.785156 0.771094 0.073438 0.051562
0 0.164062 0.169531 0.125000 0.092188
1 0.830469 0.221875 0.135937 0.009375
1 0.638281 0.219531 0.089063 0.010937
1 0.753906 0.679688 0.007812 0.128125
2 0.464063 0.108594 0.231250 0.045312
17 0.379687 0.228906 0.062500 0.026562
17 0.132812 0.293750 0.031250 0.043750
17 0.132812 0.338281 0.031250 0.045312
17 0.133594 0.383594 0.029687 0.042188
0 0.819531 0.561719 0.060937 0.035937
6 0.901563 0.514844 0.062500 0.035937
7 0.907812 0.458594 0.050000 0.054688
11 0.862500 0.400781 0.140625 0.042188
11 0.559375 0.527344 0.190625 0.045312
11 0.616406 0.400781 0.129688 0.042188
17 0.182813 0.100781 0.134375 0.026562
2 0.312500 0.341406 0.112500 0.089063
3 0.373437 0.314063 0.053125 0.043750
3 0.312500 0.284375 0.050000 0.025000
3 0.251563 0.314844 0.050000 0.045312
3 0.250000 0.371094 0.050000 0.045312
3 0.311719 0.399219 0.048438 0.023438
3 0.377344 0.371875 0.045312 0.040625
5 0.256250 0.507031 0.087500 0.067187
13 0.159375 0.511719 0.056250 0.035937
5 0.170312 0.629687 0.093750 0.187500
5 0.208594 0.757812 0.170313 0.068750
2 0.281250 0.649219 0.065625 0.085938
12 0.445312 0.647656 0.015625 0.085938
2 0.434375 0.648438 0.037500 0.196875
1 0.260156 0.804688 0.264062 0.012500
1 0.606250 0.804688 0.150000 0.012500
13 0.910156 0.348438 0.045312 0.059375
13 0.485156 0.594531 0.042188 0.045312
13 0.484375 0.750000 0.040625 0.043750
13 0.486719 0.245312 0.129688 0.040625
4 0.846094 0.270313 0.173437 0.090625
4 0.622656 0.292969 0.117188 0.135937
3 0.867969 0.347656 0.035937 0.032813
3 0.485938 0.280469 0.040625 0.026562
6 0.796094 0.642969 0.042188 0.051562
7 0.908594 0.744531 0.048438 0.089063
8 0.858594 0.829688 0.126562 0.056250
1 0.866406 0.882812 0.064062 0.046875
4 0.550781 0.672656 0.173437 0.110937
