0 0.106250 0.357031 0.096875 0.095312
0 0.403906 0.530469 0.082812 0.076563
0 0.634375 0.317969 0.081250 0.079687
0 0.484375 0.139844 0.081250 0.079687
0 0.729688 0.389844 0.071875 0.064062
0 0.651563 0.528906 0.078125 0.076563
0 0.730469 0.593750 0.070312 0.062500
17 0.253125 0.196094 0.128125 0.029687
10 0.413281 0.255469 0.070312 0.057813
2 0.409375 0.349219 0.040625 0.104688
2 0.328125 0.325781 0.118750 0.060937
3 0.299219 0.371094 0.039062 0.029687
3 0.350781 0.371094 0.039062 0.029687
3 0.298438 0.279687 0.040625 0.028125
3 0.350000 0.279687 0.040625 0.031250
3 0.645312 0.240625 0.043750 0.031250
13 0.642969 0.202344 0.095312 0.045312
13 0.710156 0.205469 0.039062 0.035937
13 0.854688 0.683594 0.046875 0.095312
13 0.843750 0.888281 0.037500 0.045312
13 0.541406 0.636719 0.042188 0.173437
11 0.514844 0.524219 0.098437 0.051562
17 0.593750 0.516406 0.037500 0.032813
7 0.741406 0.454688 0.073438 0.050000
7 0.757031 0.516406 0.104688 0.051562
2 0.893750 0.248438 0.056250 0.053125
1 0.928125 0.248438 0.012500 0.053125
1 0.928906 0.400000 0.014063 0.087500
1 0.934375 0.632031 0.075000 0.010937
1 0.889844 0.677344 0.014063 0.051562
1 0.753906 0.932813 0.220312 0.006250
1 0.451562 0.865625 0.175000 0.009375
1 0.171875 0.878125 0.218750 0.012500
9 0.558594 0.229687 0.048438 0.062500
7 0.556250 0.335938 0.056250 0.056250
2 0.557813 0.289062 0.053125 0.215625
16 0.807813 0.146094 0.084375 0.026562
4 0.794531 0.264062 0.132812 0.153125
4 0.472656 0.791406 0.167187 0.123438
4 0.776563 0.796875 0.165625 0.131250
3 0.807813 0.689063 0.046875 0.037500
3 0.485156 0.620313 0.054688 0.050000
16 0.482812 0.900000 0.081250 0.028125
11 0.601562 0.742969 0.050000 0.110937
11 0.603125 0.853906 0.053125 0.110937
11 0.892188 0.310937 0.053125 0.071875
12 0.043750 0.690625 0.015625 0.103125
2 0.046875 0.681250 0.021875 0.378125
17 0.046875 0.405469 0.021875 0.173437
2 0.198437 0.696875 0.081250 0.078125
17 0.592969 0.672656 0.035937 0.032813
2 0.591406 0.592969 0.032813 0.120313
6 0.850000 0.521875 0.050000 0.059375
6 0.816406 0.451562 0.042188 0.059375
15 0.887500 0.467187 0.050000 0.025000
8 0.929688 0.556250 0.081250 0.131250
1 0.820312 0.175000 0.137500 0.015625
17 0.876563 0.206250 0.021875 0.037500
5 0.221094 0.549219 0.085938 0.079687
2 0.309375 0.557813 0.053125 0.050000
5 0.303125 0.692187 0.075000 0.200000
5 0.257812 0.829688 0.165625 0.071875
17 0.596094 0.918750 0.042188 0.018750
