16 0.134375 0.071875 0.087500 0.025000
9 0.478906 0.109375 0.067187 0.037500
7 0.586719 0.108594 0.060937 0.035937
10 0.696875 0.113281 0.065625 0.051562
0 0.371094 0.181250 0.098437 0.068750
0 0.503906 0.395313 0.085938 0.068750
0 0.266406 0.396094 0.082812 0.070312
0 0.186719 0.460156 0.073438 0.051562
0 0.295312 0.532031 0.084375 0.070312
0 0.150781 0.681250 0.051562 0.037500
0 0.214844 0.771094 0.073438 0.051562
0 0.835938 0.169531 0.125000 0.092188
1 0.169531 0.221875 0.135937 0.009375
1 0.361719 0.219531 0.089063 0.010937
1 0.246094 0.679688 0.007812 0.128125
2 0.535937 0.108594 0.231250 0.045312
17 0.620313 0.228906 0.062500 0.026562
17 0.867188 0.293750 0.031250 0.043750
17 0.867188 0.338281 0.031250 0.045312
17 0.866406 0.383594 0.029687 0.042188
0 0.180469 0.561719 0.060937 0.035937
6 0.098437 0.514844 0.062500 0.035937
7 0.092188 0.458594 0.050000 0.054688
11 0.137500 0.400781 0.140625 0.042188
11 0.440625 0.527344 0.190625 0.045312
11 0.383594 0.400781 0.129688 0.042188
17 0.817187 0.100781 0.134375 0.026562
2 0.687500 0.341406 0.112500 0.089063
3 0.626563 0.314063 0.053125 0.043750
3 0.687500 0.284375 0.050000 0.025000
3 0.748437 0.314844 0.050000 0.045312
3 0.750000 0.371094 0.050000 0.045312
3 0.688281 0.399219 0.048438 0.023438
3 0.622656 0.371875 0.045312 0.040625
5 0.743750 0.507031 0.087500 0.067187
13 0.840625 0.511719 0.056250 0.035937
5 0.829688 0.629687 0.093750 0.187500
5 0.791406 0.757812 0.170313 0.068750
2 0.718750 0.649219 0.065625 0.085938
12 0.554688 0.647656 0.015625 0.085938
2 0.565625 0.648438 0.037500 0.196875
1 0.739844 0.804688 0.264062 0.012500
1 0.393750 0.804688 0.150000 0.012500
13 0.089844 0.348438 0.045312 0.059375
13 0.514844 0.594531 0.042188 0.045312
13 0.515625 0.750000 0.040625 0.043750
13 0.513281 0.245312 0.129688 0.040625
4 0.153906 0.270313 0.173437 0.090625
4 0.377344 0.292969 0.117188 0.135937
3 0.132031 0.347656 0.035937 0.032813
3 0.514062 0.280469 0.040625 0.026562
6 0.203906 0.642969 0.042188 0.051562
7 0.091406 0.744531 0.048438 0.089063
8 0.141406 0.829688 0.126562 0.056250
1 0.133594 0.882812 0.064062 0.046875
4 0.449219 0.672656 0.173437 0.110937
