13 0.882812 0.150781 0.090625 0.045312
13 0.109375 0.207031 0.071875 0.054688
13 0.197656 0.136719 0.254688 0.085938
13 0.105469 0.664062 0.064062 0.056250
13 0.105469 0.858594 0.064062 0.054688
12 0.520313 0.289062 0.021875 0.109375
3 0.225781 0.167187 0.070312 0.043750
3 0.828125 0.503125 0.084375 0.046875
3 0.695312 0.506250 0.084375 0.053125
3 0.693750 0.590625 0.084375 0.056250
3 0.825781 0.589844 0.089063 0.051562
1 0.728125 0.853906 0.234375 0.014063
1 0.288281 0.915625 0.364063 0.015625
1 0.060937 0.502344 0.021875 0.098437
1 0.059375 0.154688 0.025000 0.121875
16 0.919531 0.904687 0.048438 0.087500
9 0.901563 0.789062 0.071875 0.068750
7 0.899219 0.685937 0.073438 0.059375
2 0.898438 0.749219 0.087500 0.185938
10 0.560937 0.685156 0.100000 0.057813
17 0.553906 0.742188 0.085938 0.050000
17 0.917969 0.504687 0.048438 0.056250
17 0.917969 0.560156 0.048438 0.054688
17 0.917969 0.615625 0.048438 0.053125
17 0.535156 0.142187 0.051562 0.096875
2 0.534375 0.289062 0.050000 0.178125
2 0.722656 0.280469 0.076563 0.110937
2 0.760156 0.547656 0.142187 0.089063
0 0.730469 0.138281 0.173437 0.120313
0 0.427344 0.424219 0.132812 0.085938
0 0.302344 0.516406 0.117188 0.067187
0 0.200781 0.439844 0.076563 0.045312
0 0.428125 0.595313 0.131250 0.087500
5 0.885938 0.317969 0.109375 0.267188
5 0.761719 0.417187 0.139063 0.071875
11 0.410156 0.119531 0.167187 0.054688
11 0.208594 0.587500 0.273438 0.053125
7 0.111719 0.501563 0.076563 0.096875
4 0.207031 0.761719 0.273438 0.135937
12 0.485938 0.763281 0.012500 0.092188
6 0.289062 0.426563 0.059375 0.065625
4 0.207031 0.289844 0.270313 0.110937
