1 0.221094 0.089063 0.154688 0.009375
1 0.084375 0.175000 0.012500 0.040625
1 0.085156 0.565625 0.014063 0.062500
1 0.082812 0.821094 0.012500 0.039062
1 0.195312 0.858594 0.125000 0.010937
1 0.402344 0.721875 0.076563 0.009375
1 0.507031 0.722656 0.076563 0.010937
1 0.453125 0.131250 0.140625 0.012500
1 0.754687 0.132031 0.234375 0.010937
16 0.187500 0.883594 0.075000 0.023438
16 0.277344 0.885156 0.073438 0.023438
17 0.101562 0.764062 0.018750 0.046875
17 0.100781 0.814844 0.020313 0.054688
17 0.353125 0.382812 0.034375 0.081250
7 0.747656 0.747656 0.045312 0.045312
7 0.357031 0.535937 0.045312 0.056250
9 0.645312 0.809375 0.059375 0.037500
13 0.114062 0.178906 0.031250 0.048438
13 0.110937 0.335156 0.040625 0.057813
13 0.401562 0.337500 0.040625 0.084375
0 0.214062 0.398438 0.062500 0.050000
0 0.288281 0.400781 0.076563 0.064062
0 0.539062 0.400000 0.075000 0.065625
0 0.285938 0.573438 0.075000 0.065625
0 0.412500 0.592969 0.059375 0.054688
0 0.414844 0.656250 0.057813 0.025000
4 0.169531 0.253125 0.157812 0.103125
4 0.478906 0.195312 0.154688 0.103125
4 0.189844 0.788281 0.151562 0.101562
17 0.297656 0.716406 0.048438 0.017188
11 0.437500 0.402344 0.109375 0.039062
11 0.345313 0.217969 0.046875 0.079687
5 0.182031 0.130469 0.073438 0.064062
2 0.342969 0.135937 0.026562 0.081250
11 0.345313 0.301563 0.046875 0.081250
17 0.392188 0.196094 0.018750 0.107813
13 0.391406 0.271094 0.017188 0.045312
3 0.412500 0.271875 0.018750 0.028125
3 0.451562 0.341406 0.046875 0.042188
8 0.165625 0.566406 0.143750 0.060937
7 0.085938 0.425000 0.050000 0.103125
0 0.141406 0.490625 0.057813 0.025000
15 0.225781 0.507031 0.023438 0.042188
15 0.343750 0.682031 0.018750 0.067187
2 0.746875 0.752344 0.050000 0.151562
2 0.649219 0.809375 0.148438 0.037500
11 0.298438 0.789062 0.046875 0.125000
16 0.357812 0.764844 0.028125 0.060937
0 0.537500 0.757812 0.075000 0.059375
10 0.605469 0.703125 0.057813 0.046875
3 0.643750 0.607812 0.034375 0.025000
3 0.691406 0.608594 0.035937 0.023438
3 0.737500 0.607812 0.037500 0.025000
3 0.642969 0.528125 0.035937 0.025000
3 0.691406 0.527344 0.035937 0.026562
3 0.737500 0.525781 0.037500 0.026562
2 0.690625 0.567969 0.150000 0.054688
0 0.836719 0.688281 0.092188 0.076563
12 0.897656 0.284375 0.010937 0.078125
2 0.884375 0.325000 0.037500 0.353125
2 0.893750 0.607031 0.018750 0.210938
2 0.731250 0.288281 0.065625 0.107813
2 0.621875 0.395313 0.050000 0.043750
2 0.621875 0.178906 0.046875 0.045312
5 0.731250 0.175000 0.125000 0.059375
5 0.627344 0.287500 0.070312 0.162500
5 0.731250 0.396875 0.065625 0.040625
6 0.208594 0.450000 0.057813 0.031250
6 0.363281 0.611719 0.057813 0.032813
2 0.110937 0.673438 0.040625 0.131250
3 0.160938 0.653906 0.046875 0.039062
3 0.536719 0.567187 0.045312 0.040625
5 0.497656 0.671094 0.076563 0.060937
2 0.577344 0.584375 0.020313 0.165625
